Flow,Packet,Class,Arrival,Deadline,Execution Time,Gate Open,Gate Close,Response Time,Status,Scheduled,Deadline Met,Solver_Execution_Time_Seconds,Solver_Execution_Time_Minutes,Solver_Status,Objective_Value,Stopping_Reason
F1,P1_1,4,0,400000,1729,18000.0,19729.0,19729.0,Scheduled - Deadline Met,Yes,Yes,400.7823519706726,6.679705866177877,11,73.0,Gap Stable for 10 Checks
F1,P1_2,8,400000,800000,1729,629381.0,631110.0,231110.0,Scheduled - Deadline Met,Yes,Yes,400.7823519706726,6.679705866177877,11,73.0,Gap Stable for 10 Checks
F10,P10_1,6,0,400000,600,114556.0,115156.0,115156.0,Scheduled - Deadline Met,Yes,Yes,400.7823519706726,6.679705866177877,11,73.0,Gap Stable for 10 Checks
F10,P10_2,8,400000,800000,600,639184.0,639784.0,239784.0,Scheduled - Deadline Met,Yes,Yes,400.7823519706726,6.679705866177877,11,73.0,Gap Stable for 10 Checks
F11,P11_1,2,0,200000,10077,39667.0,49744.0,49744.0,Scheduled - Deadline Met,Yes,Yes,400.7823519706726,6.679705866177877,11,73.0,Gap Stable for 10 Checks
F11,P11_2,8,200000,400000,10077,283315.0,293392.0,93392.0,Scheduled - Deadline Met,Yes,Yes,400.7823519706726,6.679705866177877,11,73.0,Gap Stable for 10 Checks
F11,P11_3,2,400000,600000,10077,418000.0,428077.0,28077.0,Scheduled - Deadline Met,Yes,Yes,400.7823519706726,6.679705866177877,11,73.0,Gap Stable for 10 Checks
F11,P11_4,8,600000,800000,10077,711315.0,721392.0,121392.0,Scheduled - Deadline Met,Yes,Yes,400.7823519706726,6.679705866177877,11,73.0,Gap Stable for 10 Checks
F12,P12_1,1,0,400000,8499,223398.0,231897.0,231897.0,Scheduled - Deadline Met,Yes,Yes,400.7823519706726,6.679705866177877,11,73.0,Gap Stable for 10 Checks
F12,P12_2,8,400000,800000,8499,527241.0,535740.0,135740.0,Scheduled - Deadline Met,Yes,Yes,400.7823519706726,6.679705866177877,11,73.0,Gap Stable for 10 Checks
F13,P13_1,3,0,100000,1171,60904.0,62075.0,62075.0,Scheduled - Deadline Met,Yes,Yes,400.7823519706726,6.679705866177877,11,73.0,Gap Stable for 10 Checks
F13,P13_2,8,100000,200000,1171,194010.0,195181.0,95181.0,Scheduled - Deadline Met,Yes,Yes,400.7823519706726,6.679705866177877,11,73.0,Gap Stable for 10 Checks
F13,P13_3,3,200000,300000,1171,270829.0,272000.0,72000.0,Scheduled - Deadline Met,Yes,Yes,400.7823519706726,6.679705866177877,11,73.0,Gap Stable for 10 Checks
F13,P13_4,8,300000,400000,1171,387706.0,388877.0,88877.0,Scheduled - Deadline Met,Yes,Yes,400.7823519706726,6.679705866177877,11,73.0,Gap Stable for 10 Checks
F13,P13_5,3,400000,500000,1171,494761.0,495932.0,95932.0,Scheduled - Deadline Met,Yes,Yes,400.7823519706726,6.679705866177877,11,73.0,Gap Stable for 10 Checks
F13,P13_6,8,500000,600000,1171,,,,BE - Not Scheduled,No,N/A,400.7823519706726,6.679705866177877,11,73.0,Gap Stable for 10 Checks
F13,P13_7,3,600000,700000,1171,698829.0,700000.0,100000.0,Scheduled - Deadline Met,Yes,Yes,400.7823519706726,6.679705866177877,11,73.0,Gap Stable for 10 Checks
F13,P13_8,8,700000,800000,1171,787706.0,788877.0,88877.0,Scheduled - Deadline Met,Yes,Yes,400.7823519706726,6.679705866177877,11,73.0,Gap Stable for 10 Checks
F14,P14_1,2,0,400000,7201,324862.0,332063.0,332063.0,Scheduled - Deadline Met,Yes,Yes,400.7823519706726,6.679705866177877,11,73.0,Gap Stable for 10 Checks
F14,P14_2,8,400000,800000,7201,551271.0,558472.0,158472.0,Scheduled - Deadline Met,Yes,Yes,400.7823519706726,6.679705866177877,11,73.0,Gap Stable for 10 Checks
F15,P15_1,3,0,400000,10857,94734.0,105591.0,105591.0,Scheduled - Deadline Met,Yes,Yes,400.7823519706726,6.679705866177877,11,73.0,Gap Stable for 10 Checks
F15,P15_2,8,400000,800000,10857,428173.0,439030.0,39030.0,Scheduled - Deadline Met,Yes,Yes,400.7823519706726,6.679705866177877,11,73.0,Gap Stable for 10 Checks
F16,P16_1,1,0,400000,4535,258668.0,263203.0,263203.0,Scheduled - Deadline Met,Yes,Yes,400.7823519706726,6.679705866177877,11,73.0,Gap Stable for 10 Checks
F16,P16_2,8,400000,800000,4535,608712.0,613247.0,213247.0,Scheduled - Deadline Met,Yes,Yes,400.7823519706726,6.679705866177877,11,73.0,Gap Stable for 10 Checks
F17,P17_1,6,0,100000,2023,19825.0,21848.0,21848.0,Scheduled - Deadline Met,Yes,Yes,400.7823519706726,6.679705866177877,11,73.0,Gap Stable for 10 Checks
F17,P17_2,8,100000,200000,2023,190035.0,192058.0,92058.0,Scheduled - Deadline Met,Yes,Yes,400.7823519706726,6.679705866177877,11,73.0,Gap Stable for 10 Checks
F17,P17_3,6,200000,300000,2023,214189.0,216212.0,16212.0,Scheduled - Deadline Met,Yes,Yes,400.7823519706726,6.679705866177877,11,73.0,Gap Stable for 10 Checks
F17,P17_4,8,300000,400000,2023,383731.0,385754.0,85754.0,Scheduled - Deadline Met,Yes,Yes,400.7823519706726,6.679705866177877,11,73.0,Gap Stable for 10 Checks
F17,P17_5,6,400000,500000,2023,468978.0,471001.0,71001.0,Scheduled - Deadline Met,Yes,Yes,400.7823519706726,6.679705866177877,11,73.0,Gap Stable for 10 Checks
F17,P17_6,8,500000,600000,2023,,,,BE - Not Scheduled,No,N/A,400.7823519706726,6.679705866177877,11,73.0,Gap Stable for 10 Checks
F17,P17_7,6,600000,700000,2023,652299.0,654322.0,54322.0,Scheduled - Deadline Met,Yes,Yes,400.7823519706726,6.679705866177877,11,73.0,Gap Stable for 10 Checks
F17,P17_8,8,700000,800000,2023,783731.0,785754.0,85754.0,Scheduled - Deadline Met,Yes,Yes,400.7823519706726,6.679705866177877,11,73.0,Gap Stable for 10 Checks
F18,P18_1,2,0,400000,600,342359.0,342959.0,342959.0,Scheduled - Deadline Met,Yes,Yes,400.7823519706726,6.679705866177877,11,73.0,Gap Stable for 10 Checks
F18,P18_2,8,400000,800000,600,639880.0,640480.0,240480.0,Scheduled - Deadline Met,Yes,Yes,400.7823519706726,6.679705866177877,11,73.0,Gap Stable for 10 Checks
F19,P19_1,3,0,100000,5432,7755.0,13187.0,13187.0,Scheduled - Deadline Met,Yes,Yes,400.7823519706726,6.679705866177877,11,73.0,Gap Stable for 10 Checks
F19,P19_2,8,100000,200000,5432,176473.0,181905.0,81905.0,Scheduled - Deadline Met,Yes,Yes,400.7823519706726,6.679705866177877,11,73.0,Gap Stable for 10 Checks
F19,P19_3,3,200000,300000,5432,255411.0,260843.0,60843.0,Scheduled - Deadline Met,Yes,Yes,400.7823519706726,6.679705866177877,11,73.0,Gap Stable for 10 Checks
F19,P19_4,8,300000,400000,5432,370169.0,375601.0,75601.0,Scheduled - Deadline Met,Yes,Yes,400.7823519706726,6.679705866177877,11,73.0,Gap Stable for 10 Checks
F19,P19_5,3,400000,500000,5432,407755.0,413187.0,13187.0,Scheduled - Deadline Met,Yes,Yes,400.7823519706726,6.679705866177877,11,73.0,Gap Stable for 10 Checks
F19,P19_6,8,500000,600000,5432,,,,BE - Not Scheduled,No,N/A,400.7823519706726,6.679705866177877,11,73.0,Gap Stable for 10 Checks
F19,P19_7,3,600000,700000,5432,683411.0,688843.0,88843.0,Scheduled - Deadline Met,Yes,Yes,400.7823519706726,6.679705866177877,11,73.0,Gap Stable for 10 Checks
F19,P19_8,8,700000,800000,5432,770169.0,775601.0,75601.0,Scheduled - Deadline Met,Yes,Yes,400.7823519706726,6.679705866177877,11,73.0,Gap Stable for 10 Checks
F2,P2_1,3,0,200000,2676,76460.0,79136.0,79136.0,Scheduled - Deadline Met,Yes,Yes,400.7823519706726,6.679705866177877,11,73.0,Gap Stable for 10 Checks
F2,P2_2,8,200000,400000,2676,353187.0,355863.0,155863.0,Scheduled - Deadline Met,Yes,Yes,400.7823519706726,6.679705866177877,11,73.0,Gap Stable for 10 Checks
F2,P2_3,3,400000,600000,2676,590058.0,592734.0,192734.0,Scheduled - Deadline Met,Yes,Yes,400.7823519706726,6.679705866177877,11,73.0,Gap Stable for 10 Checks
F2,P2_4,8,600000,800000,2676,751967.0,754643.0,154643.0,Scheduled - Deadline Met,Yes,Yes,400.7823519706726,6.679705866177877,11,73.0,Gap Stable for 10 Checks
F20,P20_1,3,0,100000,7659,0.0,7659.0,7659.0,Scheduled - Deadline Met,Yes,Yes,400.7823519706726,6.679705866177877,11,73.0,Gap Stable for 10 Checks
F20,P20_2,8,100000,200000,7659,135565.0,143224.0,43224.0,Scheduled - Deadline Met,Yes,Yes,400.7823519706726,6.679705866177877,11,73.0,Gap Stable for 10 Checks
F20,P20_3,3,200000,300000,7659,247656.0,255315.0,55315.0,Scheduled - Deadline Met,Yes,Yes,400.7823519706726,6.679705866177877,11,73.0,Gap Stable for 10 Checks
F20,P20_4,8,300000,400000,7659,362414.0,370073.0,70073.0,Scheduled - Deadline Met,Yes,Yes,400.7823519706726,6.679705866177877,11,73.0,Gap Stable for 10 Checks
F20,P20_5,3,400000,500000,7659,400000.0,407659.0,7659.0,Scheduled - Deadline Met,Yes,Yes,400.7823519706726,6.679705866177877,11,73.0,Gap Stable for 10 Checks
F20,P20_6,8,500000,600000,7659,,,,BE - Not Scheduled,No,N/A,400.7823519706726,6.679705866177877,11,73.0,Gap Stable for 10 Checks
F20,P20_7,3,600000,700000,7659,675656.0,683315.0,83315.0,Scheduled - Deadline Met,Yes,Yes,400.7823519706726,6.679705866177877,11,73.0,Gap Stable for 10 Checks
F20,P20_8,8,700000,800000,7659,762414.0,770073.0,70073.0,Scheduled - Deadline Met,Yes,Yes,400.7823519706726,6.679705866177877,11,73.0,Gap Stable for 10 Checks
F21,P21_1,3,0,400000,7358,115252.0,122610.0,122610.0,Scheduled - Deadline Met,Yes,Yes,400.7823519706726,6.679705866177877,11,73.0,Gap Stable for 10 Checks
F21,P21_2,8,400000,800000,7358,543817.0,551175.0,151175.0,Scheduled - Deadline Met,Yes,Yes,400.7823519706726,6.679705866177877,11,73.0,Gap Stable for 10 Checks
F22,P22_1,3,0,400000,600,246960.0,247560.0,247560.0,Scheduled - Deadline Met,Yes,Yes,400.7823519706726,6.679705866177877,11,73.0,Gap Stable for 10 Checks
F22,P22_2,8,400000,800000,600,640576.0,641176.0,241176.0,Scheduled - Deadline Met,Yes,Yes,400.7823519706726,6.679705866177877,11,73.0,Gap Stable for 10 Checks
F23,P23_1,5,0,400000,7885,206304.0,214189.0,214189.0,Scheduled - Deadline Met,Yes,Yes,400.7823519706726,6.679705866177877,11,73.0,Gap Stable for 10 Checks
F23,P23_2,8,400000,800000,7885,535836.0,543721.0,143721.0,Scheduled - Deadline Met,Yes,Yes,400.7823519706726,6.679705866177877,11,73.0,Gap Stable for 10 Checks
F24,P24_1,1,0,400000,2365,264958.0,267323.0,267323.0,Scheduled - Deadline Met,Yes,Yes,400.7823519706726,6.679705866177877,11,73.0,Gap Stable for 10 Checks
F24,P24_2,8,400000,800000,2365,626920.0,629285.0,229285.0,Scheduled - Deadline Met,Yes,Yes,400.7823519706726,6.679705866177877,11,73.0,Gap Stable for 10 Checks
F25,P25_1,2,0,400000,3379,338188.0,341567.0,341567.0,Scheduled - Deadline Met,Yes,Yes,400.7823519706726,6.679705866177877,11,73.0,Gap Stable for 10 Checks
F25,P25_2,8,400000,800000,3379,617608.0,620987.0,220987.0,Scheduled - Deadline Met,Yes,Yes,400.7823519706726,6.679705866177877,11,73.0,Gap Stable for 10 Checks
F26,P26_1,4,0,400000,1563,263299.0,264862.0,264862.0,Scheduled - Deadline Met,Yes,Yes,400.7823519706726,6.679705866177877,11,73.0,Gap Stable for 10 Checks
F26,P26_2,8,400000,800000,1563,632915.0,634478.0,234478.0,Scheduled - Deadline Met,Yes,Yes,400.7823519706726,6.679705866177877,11,73.0,Gap Stable for 10 Checks
F27,P27_1,3,0,200000,11123,65241.0,76364.0,76364.0,Scheduled - Deadline Met,Yes,Yes,400.7823519706726,6.679705866177877,11,73.0,Gap Stable for 10 Checks
F27,P27_2,8,200000,400000,11123,272096.0,283219.0,83219.0,Scheduled - Deadline Met,Yes,Yes,400.7823519706726,6.679705866177877,11,73.0,Gap Stable for 10 Checks
F27,P27_3,3,400000,600000,11123,497884.0,509007.0,109007.0,Scheduled - Deadline Met,Yes,Yes,400.7823519706726,6.679705866177877,11,73.0,Gap Stable for 10 Checks
F27,P27_4,8,600000,800000,11123,700096.0,711219.0,111219.0,Scheduled - Deadline Met,Yes,Yes,400.7823519706726,6.679705866177877,11,73.0,Gap Stable for 10 Checks
F28,P28_1,6,0,400000,9788,29783.0,39571.0,39571.0,Scheduled - Deadline Met,Yes,Yes,400.7823519706726,6.679705866177877,11,73.0,Gap Stable for 10 Checks
F28,P28_2,8,400000,800000,9788,439126.0,448914.0,48914.0,Scheduled - Deadline Met,Yes,Yes,400.7823519706726,6.679705866177877,11,73.0,Gap Stable for 10 Checks
F29,P29_1,1,0,400000,1458,267419.0,268877.0,268877.0,Scheduled - Deadline Met,Yes,Yes,400.7823519706726,6.679705866177877,11,73.0,Gap Stable for 10 Checks
F29,P29_2,8,400000,800000,1458,634574.0,636032.0,236032.0,Scheduled - Deadline Met,Yes,Yes,400.7823519706726,6.679705866177877,11,73.0,Gap Stable for 10 Checks
F3,P3_1,6,0,400000,600,86857.0,87457.0,87457.0,Scheduled - Deadline Met,Yes,Yes,400.7823519706726,6.679705866177877,11,73.0,Gap Stable for 10 Checks
F3,P3_2,8,400000,800000,600,637096.0,637696.0,237696.0,Scheduled - Deadline Met,Yes,Yes,400.7823519706726,6.679705866177877,11,73.0,Gap Stable for 10 Checks
F30,P30_1,1,0,100000,1760,21944.0,23704.0,23704.0,Scheduled - Deadline Met,Yes,Yes,400.7823519706726,6.679705866177877,11,73.0,Gap Stable for 10 Checks
F30,P30_2,8,100000,200000,1760,192154.0,193914.0,93914.0,Scheduled - Deadline Met,Yes,Yes,400.7823519706726,6.679705866177877,11,73.0,Gap Stable for 10 Checks
F30,P30_3,1,200000,300000,1760,268973.0,270733.0,70733.0,Scheduled - Deadline Met,Yes,Yes,400.7823519706726,6.679705866177877,11,73.0,Gap Stable for 10 Checks
F30,P30_4,8,300000,400000,1760,385850.0,387610.0,87610.0,Scheduled - Deadline Met,Yes,Yes,400.7823519706726,6.679705866177877,11,73.0,Gap Stable for 10 Checks
F30,P30_5,1,400000,500000,1760,496028.0,497788.0,97788.0,Scheduled - Deadline Met,Yes,Yes,400.7823519706726,6.679705866177877,11,73.0,Gap Stable for 10 Checks
F30,P30_6,8,500000,600000,1760,,,,BE - Not Scheduled,No,N/A,400.7823519706726,6.679705866177877,11,73.0,Gap Stable for 10 Checks
F30,P30_7,1,600000,700000,1760,696973.0,698733.0,98733.0,Scheduled - Deadline Met,Yes,Yes,400.7823519706726,6.679705866177877,11,73.0,Gap Stable for 10 Checks
F30,P30_8,8,700000,800000,1760,785850.0,787610.0,87610.0,Scheduled - Deadline Met,Yes,Yes,400.7823519706726,6.679705866177877,11,73.0,Gap Stable for 10 Checks
F31,P31_1,6,0,200000,2570,27117.0,29687.0,29687.0,Scheduled - Deadline Met,Yes,Yes,400.7823519706726,6.679705866177877,11,73.0,Gap Stable for 10 Checks
F31,P31_2,8,200000,400000,2570,355959.0,358529.0,158529.0,Scheduled - Deadline Met,Yes,Yes,400.7823519706726,6.679705866177877,11,73.0,Gap Stable for 10 Checks
F31,P31_3,6,400000,600000,2570,513886.0,516456.0,116456.0,Scheduled - Deadline Met,Yes,Yes,400.7823519706726,6.679705866177877,11,73.0,Gap Stable for 10 Checks
F31,P31_4,8,600000,800000,2570,754739.0,757309.0,157309.0,Scheduled - Deadline Met,Yes,Yes,400.7823519706726,6.679705866177877,11,73.0,Gap Stable for 10 Checks
F32,P32_1,6,0,400000,2974,62171.0,65145.0,65145.0,Scheduled - Deadline Met,Yes,Yes,400.7823519706726,6.679705866177877,11,73.0,Gap Stable for 10 Checks
F32,P32_2,8,400000,800000,2974,621083.0,624057.0,224057.0,Scheduled - Deadline Met,Yes,Yes,400.7823519706726,6.679705866177877,11,73.0,Gap Stable for 10 Checks
F33,P33_1,5,0,200000,7529,79232.0,86761.0,86761.0,Scheduled - Deadline Met,Yes,Yes,400.7823519706726,6.679705866177877,11,73.0,Gap Stable for 10 Checks
F33,P33_2,8,200000,400000,7529,293488.0,301017.0,101017.0,Scheduled - Deadline Met,Yes,Yes,400.7823519706726,6.679705866177877,11,73.0,Gap Stable for 10 Checks
F33,P33_3,5,400000,600000,7529,478278.0,485807.0,85807.0,Scheduled - Deadline Met,Yes,Yes,400.7823519706726,6.679705866177877,11,73.0,Gap Stable for 10 Checks
F33,P33_4,8,600000,800000,7529,721488.0,729017.0,129017.0,Scheduled - Deadline Met,Yes,Yes,400.7823519706726,6.679705866177877,11,73.0,Gap Stable for 10 Checks
F34,P34_1,2,0,200000,5253,122706.0,127959.0,127959.0,Scheduled - Deadline Met,Yes,Yes,400.7823519706726,6.679705866177877,11,73.0,Gap Stable for 10 Checks
F34,P34_2,8,200000,400000,5253,343055.0,348308.0,148308.0,Scheduled - Deadline Met,Yes,Yes,400.7823519706726,6.679705866177877,11,73.0,Gap Stable for 10 Checks
F34,P34_3,2,400000,600000,5253,582740.0,587993.0,187993.0,Scheduled - Deadline Met,Yes,Yes,400.7823519706726,6.679705866177877,11,73.0,Gap Stable for 10 Checks
F34,P34_4,8,600000,800000,5253,741835.0,747088.0,147088.0,Scheduled - Deadline Met,Yes,Yes,400.7823519706726,6.679705866177877,11,73.0,Gap Stable for 10 Checks
F35,P35_1,5,0,400000,1613,269691.0,271304.0,271304.0,Scheduled - Deadline Met,Yes,Yes,400.7823519706726,6.679705866177877,11,73.0,Gap Stable for 10 Checks
F35,P35_2,8,400000,800000,1613,631206.0,632819.0,232819.0,Scheduled - Deadline Met,Yes,Yes,400.7823519706726,6.679705866177877,11,73.0,Gap Stable for 10 Checks
F36,P36_1,6,0,400000,6703,49840.0,56543.0,56543.0,Scheduled - Deadline Met,Yes,Yes,400.7823519706726,6.679705866177877,11,73.0,Gap Stable for 10 Checks
F36,P36_2,8,400000,800000,6703,558568.0,565271.0,165271.0,Scheduled - Deadline Met,Yes,Yes,400.7823519706726,6.679705866177877,11,73.0,Gap Stable for 10 Checks
F37,P37_1,2,0,400000,8845,237051.0,245896.0,245896.0,Scheduled - Deadline Met,Yes,Yes,400.7823519706726,6.679705866177877,11,73.0,Gap Stable for 10 Checks
F37,P37_2,8,400000,800000,8845,449010.0,457855.0,57855.0,Scheduled - Deadline Met,Yes,Yes,400.7823519706726,6.679705866177877,11,73.0,Gap Stable for 10 Checks
F38,P38_1,2,0,400000,5933,332159.0,338092.0,338092.0,Scheduled - Deadline Met,Yes,Yes,400.7823519706726,6.679705866177877,11,73.0,Gap Stable for 10 Checks
F38,P38_2,8,400000,800000,5933,592830.0,598763.0,198763.0,Scheduled - Deadline Met,Yes,Yes,400.7823519706726,6.679705866177877,11,73.0,Gap Stable for 10 Checks
F39,P39_1,1,0,400000,4962,231993.0,236955.0,236955.0,Scheduled - Deadline Met,Yes,Yes,400.7823519706726,6.679705866177877,11,73.0,Gap Stable for 10 Checks
F39,P39_2,8,400000,800000,4962,598859.0,603821.0,203821.0,Scheduled - Deadline Met,Yes,Yes,400.7823519706726,6.679705866177877,11,73.0,Gap Stable for 10 Checks
F4,P4_1,2,0,400000,600,341663.0,342263.0,342263.0,Scheduled - Deadline Met,Yes,Yes,400.7823519706726,6.679705866177877,11,73.0,Gap Stable for 10 Checks
F4,P4_2,8,400000,800000,600,637792.0,638392.0,238392.0,Scheduled - Deadline Met,Yes,Yes,400.7823519706726,6.679705866177877,11,73.0,Gap Stable for 10 Checks
F40,P40_1,2,0,200000,7085,87553.0,94638.0,94638.0,Scheduled - Deadline Met,Yes,Yes,400.7823519706726,6.679705866177877,11,73.0,Gap Stable for 10 Checks
F40,P40_2,8,200000,400000,7085,301113.0,308198.0,108198.0,Scheduled - Deadline Met,Yes,Yes,400.7823519706726,6.679705866177877,11,73.0,Gap Stable for 10 Checks
F40,P40_3,2,400000,600000,7085,471097.0,478182.0,78182.0,Scheduled - Deadline Met,Yes,Yes,400.7823519706726,6.679705866177877,11,73.0,Gap Stable for 10 Checks
F40,P40_4,8,600000,800000,7085,729113.0,736198.0,136198.0,Scheduled - Deadline Met,Yes,Yes,400.7823519706726,6.679705866177877,11,73.0,Gap Stable for 10 Checks
F41,P41_1,5,0,200000,5445,128055.0,133500.0,133500.0,Scheduled - Deadline Met,Yes,Yes,400.7823519706726,6.679705866177877,11,73.0,Gap Stable for 10 Checks
F41,P41_2,8,200000,400000,5445,308294.0,313739.0,113739.0,Scheduled - Deadline Met,Yes,Yes,400.7823519706726,6.679705866177877,11,73.0,Gap Stable for 10 Checks
F41,P41_3,5,400000,600000,5445,485903.0,491348.0,91348.0,Scheduled - Deadline Met,Yes,Yes,400.7823519706726,6.679705866177877,11,73.0,Gap Stable for 10 Checks
F41,P41_4,8,600000,800000,5445,736294.0,741739.0,141739.0,Scheduled - Deadline Met,Yes,Yes,400.7823519706726,6.679705866177877,11,73.0,Gap Stable for 10 Checks
F42,P42_1,5,0,400000,6250,217052.0,223302.0,223302.0,Scheduled - Deadline Met,Yes,Yes,400.7823519706726,6.679705866177877,11,73.0,Gap Stable for 10 Checks
F42,P42_2,8,400000,800000,6250,565367.0,571617.0,171617.0,Scheduled - Deadline Met,Yes,Yes,400.7823519706726,6.679705866177877,11,73.0,Gap Stable for 10 Checks
F43,P43_1,2,0,200000,1873,133596.0,135469.0,135469.0,Scheduled - Deadline Met,Yes,Yes,400.7823519706726,6.679705866177877,11,73.0,Gap Stable for 10 Checks
F43,P43_2,8,200000,400000,1873,358625.0,360498.0,160498.0,Scheduled - Deadline Met,Yes,Yes,400.7823519706726,6.679705866177877,11,73.0,Gap Stable for 10 Checks
F43,P43_3,2,400000,600000,1873,588089.0,589962.0,189962.0,Scheduled - Deadline Met,Yes,Yes,400.7823519706726,6.679705866177877,11,73.0,Gap Stable for 10 Checks
F43,P43_4,8,600000,800000,1873,758625.0,760498.0,160498.0,Scheduled - Deadline Met,Yes,Yes,400.7823519706726,6.679705866177877,11,73.0,Gap Stable for 10 Checks
F44,P44_1,3,0,100000,4621,13283.0,17904.0,17904.0,Scheduled - Deadline Met,Yes,Yes,400.7823519706726,6.679705866177877,11,73.0,Gap Stable for 10 Checks
F44,P44_2,8,100000,200000,4621,182001.0,186622.0,86622.0,Scheduled - Deadline Met,Yes,Yes,400.7823519706726,6.679705866177877,11,73.0,Gap Stable for 10 Checks
F44,P44_3,3,200000,300000,4621,260939.0,265560.0,65560.0,Scheduled - Deadline Met,Yes,Yes,400.7823519706726,6.679705866177877,11,73.0,Gap Stable for 10 Checks
F44,P44_4,8,300000,400000,4621,375697.0,380318.0,80318.0,Scheduled - Deadline Met,Yes,Yes,400.7823519706726,6.679705866177877,11,73.0,Gap Stable for 10 Checks
F44,P44_5,3,400000,500000,4621,413283.0,417904.0,17904.0,Scheduled - Deadline Met,Yes,Yes,400.7823519706726,6.679705866177877,11,73.0,Gap Stable for 10 Checks
F44,P44_6,8,500000,600000,4621,,,,BE - Not Scheduled,No,N/A,400.7823519706726,6.679705866177877,11,73.0,Gap Stable for 10 Checks
F44,P44_7,3,600000,700000,4621,688939.0,693560.0,93560.0,Scheduled - Deadline Met,Yes,Yes,400.7823519706726,6.679705866177877,11,73.0,Gap Stable for 10 Checks
F44,P44_8,8,700000,800000,4621,775697.0,780318.0,80318.0,Scheduled - Deadline Met,Yes,Yes,400.7823519706726,6.679705866177877,11,73.0,Gap Stable for 10 Checks
F45,P45_1,6,0,400000,4169,56639.0,60808.0,60808.0,Scheduled - Deadline Met,Yes,Yes,400.7823519706726,6.679705866177877,11,73.0,Gap Stable for 10 Checks
F45,P45_2,8,400000,800000,4169,613343.0,617512.0,217512.0,Scheduled - Deadline Met,Yes,Yes,400.7823519706726,6.679705866177877,11,73.0,Gap Stable for 10 Checks
F46,P46_1,3,0,400000,872,245992.0,246864.0,246864.0,Scheduled - Deadline Met,Yes,Yes,400.7823519706726,6.679705866177877,11,73.0,Gap Stable for 10 Checks
F46,P46_2,8,400000,800000,872,636128.0,637000.0,237000.0,Scheduled - Deadline Met,Yes,Yes,400.7823519706726,6.679705866177877,11,73.0,Gap Stable for 10 Checks
F47,P47_1,5,0,200000,1724,174653.0,176377.0,176377.0,Scheduled - Deadline Met,Yes,Yes,400.7823519706726,6.679705866177877,11,73.0,Gap Stable for 10 Checks
F47,P47_2,8,200000,400000,1724,360594.0,362318.0,162318.0,Scheduled - Deadline Met,Yes,Yes,400.7823519706726,6.679705866177877,11,73.0,Gap Stable for 10 Checks
F47,P47_3,5,400000,600000,1724,516552.0,518276.0,118276.0,Scheduled - Deadline Met,Yes,Yes,400.7823519706726,6.679705866177877,11,73.0,Gap Stable for 10 Checks
F47,P47_4,8,600000,800000,1724,760594.0,762318.0,162318.0,Scheduled - Deadline Met,Yes,Yes,400.7823519706726,6.679705866177877,11,73.0,Gap Stable for 10 Checks
F48,P48_1,3,0,400000,8773,105687.0,114460.0,114460.0,Scheduled - Deadline Met,Yes,Yes,400.7823519706726,6.679705866177877,11,73.0,Gap Stable for 10 Checks
F48,P48_2,8,400000,800000,8773,518372.0,527145.0,127145.0,Scheduled - Deadline Met,Yes,Yes,400.7823519706726,6.679705866177877,11,73.0,Gap Stable for 10 Checks
F5,P5_1,5,0,200000,4687,169870.0,174557.0,174557.0,Scheduled - Deadline Met,Yes,Yes,400.7823519706726,6.679705866177877,11,73.0,Gap Stable for 10 Checks
F5,P5_2,8,200000,400000,4687,348404.0,353091.0,153091.0,Scheduled - Deadline Met,Yes,Yes,400.7823519706726,6.679705866177877,11,73.0,Gap Stable for 10 Checks
F5,P5_3,5,400000,600000,4687,509103.0,513790.0,113790.0,Scheduled - Deadline Met,Yes,Yes,400.7823519706726,6.679705866177877,11,73.0,Gap Stable for 10 Checks
F5,P5_4,8,600000,800000,4687,747184.0,751871.0,151871.0,Scheduled - Deadline Met,Yes,Yes,400.7823519706726,6.679705866177877,11,73.0,Gap Stable for 10 Checks
F6,P6_1,3,0,400000,2671,214285.0,216956.0,216956.0,Scheduled - Deadline Met,Yes,Yes,400.7823519706726,6.679705866177877,11,73.0,Gap Stable for 10 Checks
F6,P6_2,8,400000,800000,2671,624153.0,626824.0,226824.0,Scheduled - Deadline Met,Yes,Yes,400.7823519706726,6.679705866177877,11,73.0,Gap Stable for 10 Checks
F7,P7_1,5,0,400000,4699,253873.0,258572.0,258572.0,Scheduled - Deadline Met,Yes,Yes,400.7823519706726,6.679705866177877,11,73.0,Gap Stable for 10 Checks
F7,P7_2,8,400000,800000,4699,603917.0,608616.0,208616.0,Scheduled - Deadline Met,Yes,Yes,400.7823519706726,6.679705866177877,11,73.0,Gap Stable for 10 Checks
F8,P8_1,5,0,400000,600,271400.0,272000.0,272000.0,Scheduled - Deadline Met,Yes,Yes,400.7823519706726,6.679705866177877,11,73.0,Gap Stable for 10 Checks
F8,P8_2,8,400000,800000,600,638488.0,639088.0,239088.0,Scheduled - Deadline Met,Yes,Yes,400.7823519706726,6.679705866177877,11,73.0,Gap Stable for 10 Checks
F9,P9_1,3,0,100000,3221,23800.0,27021.0,27021.0,Scheduled - Deadline Met,Yes,Yes,400.7823519706726,6.679705866177877,11,73.0,Gap Stable for 10 Checks
F9,P9_2,8,100000,200000,3221,186718.0,189939.0,89939.0,Scheduled - Deadline Met,Yes,Yes,400.7823519706726,6.679705866177877,11,73.0,Gap Stable for 10 Checks
F9,P9_3,3,200000,300000,3221,265656.0,268877.0,68877.0,Scheduled - Deadline Met,Yes,Yes,400.7823519706726,6.679705866177877,11,73.0,Gap Stable for 10 Checks
F9,P9_4,8,300000,400000,3221,380414.0,383635.0,83635.0,Scheduled - Deadline Met,Yes,Yes,400.7823519706726,6.679705866177877,11,73.0,Gap Stable for 10 Checks
F9,P9_5,3,400000,500000,3221,491444.0,494665.0,94665.0,Scheduled - Deadline Met,Yes,Yes,400.7823519706726,6.679705866177877,11,73.0,Gap Stable for 10 Checks
F9,P9_6,8,500000,600000,3221,,,,BE - Not Scheduled,No,N/A,400.7823519706726,6.679705866177877,11,73.0,Gap Stable for 10 Checks
F9,P9_7,3,600000,700000,3221,693656.0,696877.0,96877.0,Scheduled - Deadline Met,Yes,Yes,400.7823519706726,6.679705866177877,11,73.0,Gap Stable for 10 Checks
F9,P9_8,8,700000,800000,3221,780414.0,783635.0,83635.0,Scheduled - Deadline Met,Yes,Yes,400.7823519706726,6.679705866177877,11,73.0,Gap Stable for 10 Checks
