Flow,Packet,Class,Arrival,Deadline,Execution Time,Gate Open,Gate Close,Response Time,Status,Scheduled,Deadline Met,Solver_Execution_Time_Seconds,Solver_Execution_Time_Minutes,Solver_Status,Objective_Value,Stopping_Reason
F1,P1_1,5,0,200000,4351,26815,31166,31166,Scheduled - Deadline Met,Yes,Yes,24.66996669769287,0.41116611162821454,2,84.0,Proven Optimal (Gap = 0%)
F1,P1_2,5,200000,400000,4351,211901,216252,16252,Scheduled - Deadline Met,Yes,Yes,24.66996669769287,0.41116611162821454,2,84.0,Proven Optimal (Gap = 0%)
F1,P1_3,8,400000,600000,4351,503367,507718,107718,Scheduled - Deadline Met,Yes,Yes,24.66996669769287,0.41116611162821454,2,84.0,Proven Optimal (Gap = 0%)
F1,P1_4,5,600000,800000,4351,628128,632479,32479,Scheduled - Deadline Met,Yes,Yes,24.66996669769287,0.41116611162821454,2,84.0,Proven Optimal (Gap = 0%)
F1,P1_5,5,800000,1000000,4351,819953,824304,24304,Scheduled - Deadline Met,Yes,Yes,24.66996669769287,0.41116611162821454,2,84.0,Proven Optimal (Gap = 0%)
F1,P1_6,8,1000000,1200000,4351,1131645,1135996,135996,Scheduled - Deadline Met,Yes,Yes,24.66996669769287,0.41116611162821454,2,84.0,Proven Optimal (Gap = 0%)
F10,P10_1,4,0,400000,600,99009,99609,99609,Scheduled - Deadline Met,Yes,Yes,24.66996669769287,0.41116611162821454,2,84.0,Proven Optimal (Gap = 0%)
F10,P10_2,4,400000,800000,600,688290,688890,288890,Scheduled - Deadline Met,Yes,Yes,24.66996669769287,0.41116611162821454,2,84.0,Proven Optimal (Gap = 0%)
F10,P10_3,8,800000,1200000,600,1098437,1099037,299037,Scheduled - Deadline Met,Yes,Yes,24.66996669769287,0.41116611162821454,2,84.0,Proven Optimal (Gap = 0%)
F11,P11_1,3,0,400000,8705,112392,121097,121097,Scheduled - Deadline Met,Yes,Yes,24.66996669769287,0.41116611162821454,2,84.0,Proven Optimal (Gap = 0%)
F11,P11_2,3,400000,800000,8705,597416,606121,206121,Scheduled - Deadline Met,Yes,Yes,24.66996669769287,0.41116611162821454,2,84.0,Proven Optimal (Gap = 0%)
F11,P11_3,8,800000,1200000,8705,967755,976460,176460,Scheduled - Deadline Met,Yes,Yes,24.66996669769287,0.41116611162821454,2,84.0,Proven Optimal (Gap = 0%)
F12,P12_1,3,0,400000,600,153011,153611,153611,Scheduled - Deadline Met,Yes,Yes,24.66996669769287,0.41116611162821454,2,84.0,Proven Optimal (Gap = 0%)
F12,P12_2,3,400000,800000,600,632575,633175,233175,Scheduled - Deadline Met,Yes,Yes,24.66996669769287,0.41116611162821454,2,84.0,Proven Optimal (Gap = 0%)
F12,P12_3,8,800000,1200000,600,1099133,1099733,299733,Scheduled - Deadline Met,Yes,Yes,24.66996669769287,0.41116611162821454,2,84.0,Proven Optimal (Gap = 0%)
F13,P13_1,6,0,400000,5287,147628,152915,152915,Scheduled - Deadline Met,Yes,Yes,24.66996669769287,0.41116611162821454,2,84.0,Proven Optimal (Gap = 0%)
F13,P13_2,6,400000,800000,5287,656496,661783,261783,Scheduled - Deadline Met,Yes,Yes,24.66996669769287,0.41116611162821454,2,84.0,Proven Optimal (Gap = 0%)
F13,P13_3,8,800000,1200000,5287,1016593,1021880,221880,Scheduled - Deadline Met,Yes,Yes,24.66996669769287,0.41116611162821454,2,84.0,Proven Optimal (Gap = 0%)
F14,P14_1,1,0,400000,2087,190086,192173,192173,Scheduled - Deadline Met,Yes,Yes,24.66996669769287,0.41116611162821454,2,84.0,Proven Optimal (Gap = 0%)
F14,P14_2,1,400000,800000,2087,633271,635358,235358,Scheduled - Deadline Met,Yes,Yes,24.66996669769287,0.41116611162821454,2,84.0,Proven Optimal (Gap = 0%)
F14,P14_3,8,800000,1200000,2087,1089013,1091100,291100,Scheduled - Deadline Met,Yes,Yes,24.66996669769287,0.41116611162821454,2,84.0,Proven Optimal (Gap = 0%)
F15,P15_1,1,0,200000,8241,99705,107946,107946,Scheduled - Deadline Met,Yes,Yes,24.66996669769287,0.41116611162821454,2,84.0,Proven Optimal (Gap = 0%)
F15,P15_2,1,200000,400000,8241,203564,211805,11805,Scheduled - Deadline Met,Yes,Yes,24.66996669769287,0.41116611162821454,2,84.0,Proven Optimal (Gap = 0%)
F15,P15_3,8,400000,600000,8241,475031,483272,83272,Scheduled - Deadline Met,Yes,Yes,24.66996669769287,0.41116611162821454,2,84.0,Proven Optimal (Gap = 0%)
F15,P15_4,1,600000,800000,8241,704950,713191,113191,Scheduled - Deadline Met,Yes,Yes,24.66996669769287,0.41116611162821454,2,84.0,Proven Optimal (Gap = 0%)
F15,P15_5,1,800000,1000000,8241,811616,819857,19857,Scheduled - Deadline Met,Yes,Yes,24.66996669769287,0.41116611162821454,2,84.0,Proven Optimal (Gap = 0%)
F15,P15_6,8,1000000,1200000,8241,1103309,1111550,111550,Scheduled - Deadline Met,Yes,Yes,24.66996669769287,0.41116611162821454,2,84.0,Proven Optimal (Gap = 0%)
F16,P16_1,6,0,400000,600,194189,194789,194789,Scheduled - Deadline Met,Yes,Yes,24.66996669769287,0.41116611162821454,2,84.0,Proven Optimal (Gap = 0%)
F16,P16_2,6,400000,800000,600,678572,679172,279172,Scheduled - Deadline Met,Yes,Yes,24.66996669769287,0.41116611162821454,2,84.0,Proven Optimal (Gap = 0%)
F16,P16_3,8,800000,1200000,600,1099829,1100429,300429,Scheduled - Deadline Met,Yes,Yes,24.66996669769287,0.41116611162821454,2,84.0,Proven Optimal (Gap = 0%)
F17,P17_1,5,0,200000,2040,64277,66317,66317,Scheduled - Deadline Met,Yes,Yes,24.66996669769287,0.41116611162821454,2,84.0,Proven Optimal (Gap = 0%)
F17,P17_2,5,200000,400000,2040,223951,225991,25991,Scheduled - Deadline Met,Yes,Yes,24.66996669769287,0.41116611162821454,2,84.0,Proven Optimal (Gap = 0%)
F17,P17_3,8,400000,600000,2040,520624,522664,122664,Scheduled - Deadline Met,Yes,Yes,24.66996669769287,0.41116611162821454,2,84.0,Proven Optimal (Gap = 0%)
F17,P17_4,5,600000,800000,2040,702102,704142,104142,Scheduled - Deadline Met,Yes,Yes,24.66996669769287,0.41116611162821454,2,84.0,Proven Optimal (Gap = 0%)
F17,P17_5,5,800000,1000000,2040,827037,829077,29077,Scheduled - Deadline Met,Yes,Yes,24.66996669769287,0.41116611162821454,2,84.0,Proven Optimal (Gap = 0%)
F17,P17_6,8,1000000,1200000,2040,1148902,1150942,150942,Scheduled - Deadline Met,Yes,Yes,24.66996669769287,0.41116611162821454,2,84.0,Proven Optimal (Gap = 0%)
F18,P18_1,6,0,400000,8446,16171,24617,24617,Scheduled - Deadline Met,Yes,Yes,24.66996669769287,0.41116611162821454,2,84.0,Proven Optimal (Gap = 0%)
F18,P18_2,6,400000,800000,8446,457976,466422,66422,Scheduled - Deadline Met,Yes,Yes,24.66996669769287,0.41116611162821454,2,84.0,Proven Optimal (Gap = 0%)
F18,P18_3,8,800000,1200000,8446,988624,997070,197070,Scheduled - Deadline Met,Yes,Yes,24.66996669769287,0.41116611162821454,2,84.0,Proven Optimal (Gap = 0%)
F19,P19_1,7,0,100000,700,84858,85558,85558,Scheduled - Deadline Met,Yes,Yes,24.66996669769287,0.41116611162821454,2,84.0,Proven Optimal (Gap = 0%)
F19,P19_2,7,100000,200000,700,184435,185135,85135,Scheduled - Deadline Met,Yes,Yes,24.66996669769287,0.41116611162821454,2,84.0,Proven Optimal (Gap = 0%)
F19,P19_3,8,200000,300000,700,299300,300000,100000,Scheduled - Deadline Met,Yes,Yes,24.66996669769287,0.41116611162821454,2,84.0,Proven Optimal (Gap = 0%)
F19,P19_4,7,300000,400000,700,368179,368879,68879,Scheduled - Deadline Met,Yes,Yes,24.66996669769287,0.41116611162821454,2,84.0,Proven Optimal (Gap = 0%)
F19,P19_5,7,400000,500000,700,403827,404527,4527,Scheduled - Deadline Met,Yes,Yes,24.66996669769287,0.41116611162821454,2,84.0,Proven Optimal (Gap = 0%)
F19,P19_6,8,500000,600000,700,577121,577821,77821,Scheduled - Deadline Met,Yes,Yes,24.66996669769287,0.41116611162821454,2,84.0,Proven Optimal (Gap = 0%)
F19,P19_7,7,600000,700000,700,691784,692484,92484,Scheduled - Deadline Met,Yes,Yes,24.66996669769287,0.41116611162821454,2,84.0,Proven Optimal (Gap = 0%)
F19,P19_8,7,700000,800000,700,732147,732847,32847,Scheduled - Deadline Met,Yes,Yes,24.66996669769287,0.41116611162821454,2,84.0,Proven Optimal (Gap = 0%)
F19,P19_9,8,800000,900000,700,888411,889111,89111,Scheduled - Deadline Met,Yes,Yes,24.66996669769287,0.41116611162821454,2,84.0,Proven Optimal (Gap = 0%)
F19,P19_10,7,900000,1000000,700,922660,923360,23360,Scheduled - Deadline Met,Yes,Yes,24.66996669769287,0.41116611162821454,2,84.0,Proven Optimal (Gap = 0%)
F19,P19_11,7,1000000,1100000,700,1067717,1068417,68417,Scheduled - Deadline Met,Yes,Yes,24.66996669769287,0.41116611162821454,2,84.0,Proven Optimal (Gap = 0%)
F19,P19_12,8,1100000,1200000,700,1188411,1189111,89111,Scheduled - Deadline Met,Yes,Yes,24.66996669769287,0.41116611162821454,2,84.0,Proven Optimal (Gap = 0%)
F2,P2_1,3,0,100000,7040,31262,38302,38302,Scheduled - Deadline Met,Yes,Yes,24.66996669769287,0.41116611162821454,2,84.0,Proven Optimal (Gap = 0%)
F2,P2_2,3,100000,200000,7040,164000,171040,71040,Scheduled - Deadline Met,Yes,Yes,24.66996669769287,0.41116611162821454,2,84.0,Proven Optimal (Gap = 0%)
F2,P2_3,8,200000,300000,7040,271817,278857,78857,Scheduled - Deadline Met,Yes,Yes,24.66996669769287,0.41116611162821454,2,84.0,Proven Optimal (Gap = 0%)
F2,P2_4,3,300000,400000,7040,382774,389814,89814,Scheduled - Deadline Met,Yes,Yes,24.66996669769287,0.41116611162821454,2,84.0,Proven Optimal (Gap = 0%)
F2,P2_5,3,400000,500000,7040,429407,436447,36447,Scheduled - Deadline Met,Yes,Yes,24.66996669769287,0.41116611162821454,2,84.0,Proven Optimal (Gap = 0%)
F2,P2_6,8,500000,600000,7040,532650,539690,39690,Scheduled - Deadline Met,Yes,Yes,24.66996669769287,0.41116611162821454,2,84.0,Proven Optimal (Gap = 0%)
F2,P2_7,3,600000,700000,7040,667804,674844,74844,Scheduled - Deadline Met,Yes,Yes,24.66996669769287,0.41116611162821454,2,84.0,Proven Optimal (Gap = 0%)
F2,P2_8,3,700000,800000,7040,778446,785486,85486,Scheduled - Deadline Met,Yes,Yes,24.66996669769287,0.41116611162821454,2,84.0,Proven Optimal (Gap = 0%)
F2,P2_9,8,800000,900000,7040,860928,867968,67968,Scheduled - Deadline Met,Yes,Yes,24.66996669769287,0.41116611162821454,2,84.0,Proven Optimal (Gap = 0%)
F2,P2_10,3,900000,1000000,7040,915524,922564,22564,Scheduled - Deadline Met,Yes,Yes,24.66996669769287,0.41116611162821454,2,84.0,Proven Optimal (Gap = 0%)
F2,P2_11,3,1000000,1100000,7040,1042336,1049376,49376,Scheduled - Deadline Met,Yes,Yes,24.66996669769287,0.41116611162821454,2,84.0,Proven Optimal (Gap = 0%)
F2,P2_12,8,1100000,1200000,7040,1160928,1167968,67968,Scheduled - Deadline Met,Yes,Yes,24.66996669769287,0.41116611162821454,2,84.0,Proven Optimal (Gap = 0%)
F20,P20_1,5,0,400000,600,196910,197510,197510,Scheduled - Deadline Met,Yes,Yes,24.66996669769287,0.41116611162821454,2,84.0,Proven Optimal (Gap = 0%)
F20,P20_2,5,400000,800000,600,627432,628032,228032,Scheduled - Deadline Met,Yes,Yes,24.66996669769287,0.41116611162821454,2,84.0,Proven Optimal (Gap = 0%)
F20,P20_3,8,800000,1200000,600,1100525,1101125,301125,Scheduled - Deadline Met,Yes,Yes,24.66996669769287,0.41116611162821454,2,84.0,Proven Optimal (Gap = 0%)
F21,P21_1,1,0,400000,1128,192269,193397,193397,Scheduled - Deadline Met,Yes,Yes,24.66996669769287,0.41116611162821454,2,84.0,Proven Optimal (Gap = 0%)
F21,P21_2,1,400000,800000,1128,635454,636582,236582,Scheduled - Deadline Met,Yes,Yes,24.66996669769287,0.41116611162821454,2,84.0,Proven Optimal (Gap = 0%)
F21,P21_3,8,800000,1200000,1128,1096274,1097402,297402,Scheduled - Deadline Met,Yes,Yes,24.66996669769287,0.41116611162821454,2,84.0,Proven Optimal (Gap = 0%)
F22,P22_1,2,0,400000,1719,201749,203468,203468,Scheduled - Deadline Met,Yes,Yes,24.66996669769287,0.41116611162821454,2,84.0,Proven Optimal (Gap = 0%)
F22,P22_2,2,400000,800000,1719,625617,627336,227336,Scheduled - Deadline Met,Yes,Yes,24.66996669769287,0.41116611162821454,2,84.0,Proven Optimal (Gap = 0%)
F22,P22_3,8,800000,1200000,1719,1093221,1094940,294940,Scheduled - Deadline Met,Yes,Yes,24.66996669769287,0.41116611162821454,2,84.0,Proven Optimal (Gap = 0%)
F23,P23_1,7,0,400000,843,170197,171040,171040,Scheduled - Deadline Met,Yes,Yes,24.66996669769287,0.41116611162821454,2,84.0,Proven Optimal (Gap = 0%)
F23,P23_2,7,400000,800000,843,677633,678476,278476,Scheduled - Deadline Met,Yes,Yes,24.66996669769287,0.41116611162821454,2,84.0,Proven Optimal (Gap = 0%)
F23,P23_3,8,800000,1200000,843,1097498,1098341,298341,Scheduled - Deadline Met,Yes,Yes,24.66996669769287,0.41116611162821454,2,84.0,Proven Optimal (Gap = 0%)
F24,P24_1,1,0,200000,7249,121193,128442,128442,Scheduled - Deadline Met,Yes,Yes,24.66996669769287,0.41116611162821454,2,84.0,Proven Optimal (Gap = 0%)
F24,P24_2,1,200000,400000,7249,226087,233336,33336,Scheduled - Deadline Met,Yes,Yes,24.66996669769287,0.41116611162821454,2,84.0,Proven Optimal (Gap = 0%)
F24,P24_3,8,400000,600000,7249,490971,498220,98220,Scheduled - Deadline Met,Yes,Yes,24.66996669769287,0.41116611162821454,2,84.0,Proven Optimal (Gap = 0%)
F24,P24_4,1,600000,800000,7249,715924,723173,123173,Scheduled - Deadline Met,Yes,Yes,24.66996669769287,0.41116611162821454,2,84.0,Proven Optimal (Gap = 0%)
F24,P24_5,1,800000,1000000,7249,832320,839569,39569,Scheduled - Deadline Met,Yes,Yes,24.66996669769287,0.41116611162821454,2,84.0,Proven Optimal (Gap = 0%)
F24,P24_6,8,1000000,1200000,7249,1119249,1126498,126498,Scheduled - Deadline Met,Yes,Yes,24.66996669769287,0.41116611162821454,2,84.0,Proven Optimal (Gap = 0%)
F25,P25_1,5,0,200000,616,85654,86270,86270,Scheduled - Deadline Met,Yes,Yes,24.66996669769287,0.41116611162821454,2,84.0,Proven Optimal (Gap = 0%)
F25,P25_2,5,200000,400000,616,233432,234048,34048,Scheduled - Deadline Met,Yes,Yes,24.66996669769287,0.41116611162821454,2,84.0,Proven Optimal (Gap = 0%)
F25,P25_3,8,400000,600000,616,524473,525089,125089,Scheduled - Deadline Met,Yes,Yes,24.66996669769287,0.41116611162821454,2,84.0,Proven Optimal (Gap = 0%)
F25,P25_4,5,600000,800000,616,704238,704854,104854,Scheduled - Deadline Met,Yes,Yes,24.66996669769287,0.41116611162821454,2,84.0,Proven Optimal (Gap = 0%)
F25,P25_5,5,800000,1000000,616,831608,832224,32224,Scheduled - Deadline Met,Yes,Yes,24.66996669769287,0.41116611162821454,2,84.0,Proven Optimal (Gap = 0%)
F25,P25_6,8,1000000,1200000,616,1152751,1153367,153367,Scheduled - Deadline Met,Yes,Yes,24.66996669769287,0.41116611162821454,2,84.0,Proven Optimal (Gap = 0%)
F26,P26_1,4,0,400000,3011,66413,69424,69424,Scheduled - Deadline Met,Yes,Yes,24.66996669769287,0.41116611162821454,2,84.0,Proven Optimal (Gap = 0%)
F26,P26_2,4,400000,800000,3011,685183,688194,288194,Scheduled - Deadline Met,Yes,Yes,24.66996669769287,0.41116611162821454,2,84.0,Proven Optimal (Gap = 0%)
F26,P26_3,8,800000,1200000,3011,1085906,1088917,288917,Scheduled - Deadline Met,Yes,Yes,24.66996669769287,0.41116611162821454,2,84.0,Proven Optimal (Gap = 0%)
F27,P27_1,3,0,100000,3407,73752,77159,77159,Scheduled - Deadline Met,Yes,Yes,24.66996669769287,0.41116611162821454,2,84.0,Proven Optimal (Gap = 0%)
F27,P27_2,3,100000,200000,3407,191914,195321,95321,Scheduled - Deadline Met,Yes,Yes,24.66996669769287,0.41116611162821454,2,84.0,Proven Optimal (Gap = 0%)
F27,P27_3,8,200000,300000,3407,293695,297102,97102,Scheduled - Deadline Met,Yes,Yes,24.66996669769287,0.41116611162821454,2,84.0,Proven Optimal (Gap = 0%)
F27,P27_4,3,300000,400000,3407,396593,400000,100000,Scheduled - Deadline Met,Yes,Yes,24.66996669769287,0.41116611162821454,2,84.0,Proven Optimal (Gap = 0%)
F27,P27_5,3,400000,500000,3407,471528,474935,74935,Scheduled - Deadline Met,Yes,Yes,24.66996669769287,0.41116611162821454,2,84.0,Proven Optimal (Gap = 0%)
F27,P27_6,8,500000,600000,3407,571516,574923,74923,Scheduled - Deadline Met,Yes,Yes,24.66996669769287,0.41116611162821454,2,84.0,Proven Optimal (Gap = 0%)
F27,P27_7,3,600000,700000,3407,696593,700000,100000,Scheduled - Deadline Met,Yes,Yes,24.66996669769287,0.41116611162821454,2,84.0,Proven Optimal (Gap = 0%)
F27,P27_8,3,700000,800000,3407,796497,799904,99904,Scheduled - Deadline Met,Yes,Yes,24.66996669769287,0.41116611162821454,2,84.0,Proven Optimal (Gap = 0%)
F27,P27_9,8,800000,900000,3407,882806,886213,86213,Scheduled - Deadline Met,Yes,Yes,24.66996669769287,0.41116611162821454,2,84.0,Proven Optimal (Gap = 0%)
F27,P27_10,3,900000,1000000,3407,930139,933546,33546,Scheduled - Deadline Met,Yes,Yes,24.66996669769287,0.41116611162821454,2,84.0,Proven Optimal (Gap = 0%)
F27,P27_11,3,1000000,1100000,3407,1064214,1067621,67621,Scheduled - Deadline Met,Yes,Yes,24.66996669769287,0.41116611162821454,2,84.0,Proven Optimal (Gap = 0%)
F27,P27_12,8,1100000,1200000,3407,1182806,1186213,86213,Scheduled - Deadline Met,Yes,Yes,24.66996669769287,0.41116611162821454,2,84.0,Proven Optimal (Gap = 0%)
F28,P28_1,7,0,200000,2541,109755,112296,112296,Scheduled - Deadline Met,Yes,Yes,24.66996669769287,0.41116611162821454,2,84.0,Proven Optimal (Gap = 0%)
F28,P28_2,7,200000,400000,2541,238157,240698,40698,Scheduled - Deadline Met,Yes,Yes,24.66996669769287,0.41116611162821454,2,84.0,Proven Optimal (Gap = 0%)
F28,P28_3,8,400000,600000,2541,515552,518093,118093,Scheduled - Deadline Met,Yes,Yes,24.66996669769287,0.41116611162821454,2,84.0,Proven Optimal (Gap = 0%)
F28,P28_4,7,600000,800000,2541,713287,715828,115828,Scheduled - Deadline Met,Yes,Yes,24.66996669769287,0.41116611162821454,2,84.0,Proven Optimal (Gap = 0%)
F28,P28_5,7,800000,1000000,2541,824400,826941,26941,Scheduled - Deadline Met,Yes,Yes,24.66996669769287,0.41116611162821454,2,84.0,Proven Optimal (Gap = 0%)
F28,P28_6,8,1000000,1200000,2541,1143830,1146371,146371,Scheduled - Deadline Met,Yes,Yes,24.66996669769287,0.41116611162821454,2,84.0,Proven Optimal (Gap = 0%)
F29,P29_1,3,0,100000,6587,53767,60354,60354,Scheduled - Deadline Met,Yes,Yes,24.66996669769287,0.41116611162821454,2,84.0,Proven Optimal (Gap = 0%)
F29,P29_2,3,100000,200000,6587,185231,191818,91818,Scheduled - Deadline Met,Yes,Yes,24.66996669769287,0.41116611162821454,2,84.0,Proven Optimal (Gap = 0%)
F29,P29_3,8,200000,300000,6587,278953,285540,85540,Scheduled - Deadline Met,Yes,Yes,24.66996669769287,0.41116611162821454,2,84.0,Proven Optimal (Gap = 0%)
F29,P29_4,3,300000,400000,6587,389910,396497,96497,Scheduled - Deadline Met,Yes,Yes,24.66996669769287,0.41116611162821454,2,84.0,Proven Optimal (Gap = 0%)
F29,P29_5,3,400000,500000,6587,451293,457880,57880,Scheduled - Deadline Met,Yes,Yes,24.66996669769287,0.41116611162821454,2,84.0,Proven Optimal (Gap = 0%)
F29,P29_6,8,500000,600000,6587,556774,563361,63361,Scheduled - Deadline Met,Yes,Yes,24.66996669769287,0.41116611162821454,2,84.0,Proven Optimal (Gap = 0%)
F29,P29_7,3,600000,700000,6587,679172,685759,85759,Scheduled - Deadline Met,Yes,Yes,24.66996669769287,0.41116611162821454,2,84.0,Proven Optimal (Gap = 0%)
F29,P29_8,3,700000,800000,6587,789814,796401,96401,Scheduled - Deadline Met,Yes,Yes,24.66996669769287,0.41116611162821454,2,84.0,Proven Optimal (Gap = 0%)
F29,P29_9,8,800000,900000,6587,868064,874651,74651,Scheduled - Deadline Met,Yes,Yes,24.66996669769287,0.41116611162821454,2,84.0,Proven Optimal (Gap = 0%)
F29,P29_10,3,900000,1000000,6587,923456,930043,30043,Scheduled - Deadline Met,Yes,Yes,24.66996669769287,0.41116611162821454,2,84.0,Proven Optimal (Gap = 0%)
F29,P29_11,3,1000000,1100000,6587,1053704,1060291,60291,Scheduled - Deadline Met,Yes,Yes,24.66996669769287,0.41116611162821454,2,84.0,Proven Optimal (Gap = 0%)
F29,P29_12,8,1100000,1200000,6587,1168064,1174651,74651,Scheduled - Deadline Met,Yes,Yes,24.66996669769287,0.41116611162821454,2,84.0,Proven Optimal (Gap = 0%)
F3,P3_1,7,0,400000,10571,153707,164278,164278,Scheduled - Deadline Met,Yes,Yes,24.66996669769287,0.41116611162821454,2,84.0,Proven Optimal (Gap = 0%)
F3,P3_2,7,400000,800000,10571,661879,672450,272450,Scheduled - Deadline Met,Yes,Yes,24.66996669769287,0.41116611162821454,2,84.0,Proven Optimal (Gap = 0%)
F3,P3_3,8,800000,1200000,10571,946729,957300,157300,Scheduled - Deadline Met,Yes,Yes,24.66996669769287,0.41116611162821454,2,84.0,Proven Optimal (Gap = 0%)
F30,P30_1,1,0,400000,600,193493,194093,194093,Scheduled - Deadline Met,Yes,Yes,24.66996669769287,0.41116611162821454,2,84.0,Proven Optimal (Gap = 0%)
F30,P30_2,1,400000,800000,600,636678,637278,237278,Scheduled - Deadline Met,Yes,Yes,24.66996669769287,0.41116611162821454,2,84.0,Proven Optimal (Gap = 0%)
F30,P30_3,8,800000,1200000,600,1101221,1101821,301821,Scheduled - Deadline Met,Yes,Yes,24.66996669769287,0.41116611162821454,2,84.0,Proven Optimal (Gap = 0%)
F31,P31_1,2,0,400000,4047,197606,201653,201653,Scheduled - Deadline Met,Yes,Yes,24.66996669769287,0.41116611162821454,2,84.0,Proven Optimal (Gap = 0%)
F31,P31_2,2,400000,800000,4047,614065,618112,218112,Scheduled - Deadline Met,Yes,Yes,24.66996669769287,0.41116611162821454,2,84.0,Proven Optimal (Gap = 0%)
F31,P31_3,8,800000,1200000,4047,1077914,1081961,281961,Scheduled - Deadline Met,Yes,Yes,24.66996669769287,0.41116611162821454,2,84.0,Proven Optimal (Gap = 0%)
F32,P32_1,1,0,400000,4295,185695,189990,189990,Scheduled - Deadline Met,Yes,Yes,24.66996669769287,0.41116611162821454,2,84.0,Proven Optimal (Gap = 0%)
F32,P32_2,1,400000,800000,4295,446902,451197,51197,Scheduled - Deadline Met,Yes,Yes,24.66996669769287,0.41116611162821454,2,84.0,Proven Optimal (Gap = 0%)
F32,P32_3,8,800000,1200000,4295,1073523,1077818,277818,Scheduled - Deadline Met,Yes,Yes,24.66996669769287,0.41116611162821454,2,84.0,Proven Optimal (Gap = 0%)
F33,P33_1,2,0,400000,5727,164374,170101,170101,Scheduled - Deadline Met,Yes,Yes,24.66996669769287,0.41116611162821454,2,84.0,Proven Optimal (Gap = 0%)
F33,P33_2,2,400000,800000,5727,608242,613969,213969,Scheduled - Deadline Met,Yes,Yes,24.66996669769287,0.41116611162821454,2,84.0,Proven Optimal (Gap = 0%)
F33,P33_3,8,800000,1200000,5727,1010770,1016497,216497,Scheduled - Deadline Met,Yes,Yes,24.66996669769287,0.41116611162821454,2,84.0,Proven Optimal (Gap = 0%)
F34,P34_1,3,0,100000,7369,0,7369,7369,Scheduled - Deadline Met,Yes,Yes,24.66996669769287,0.41116611162821454,2,84.0,Proven Optimal (Gap = 0%)
F34,P34_2,3,100000,200000,7369,156535,163904,63904,Scheduled - Deadline Met,Yes,Yes,24.66996669769287,0.41116611162821454,2,84.0,Proven Optimal (Gap = 0%)
F34,P34_3,8,200000,300000,7369,264352,271721,71721,Scheduled - Deadline Met,Yes,Yes,24.66996669769287,0.41116611162821454,2,84.0,Proven Optimal (Gap = 0%)
F34,P34_4,3,300000,400000,7369,368975,376344,76344,Scheduled - Deadline Met,Yes,Yes,24.66996669769287,0.41116611162821454,2,84.0,Proven Optimal (Gap = 0%)
F34,P34_5,3,400000,500000,7369,417710,425079,25079,Scheduled - Deadline Met,Yes,Yes,24.66996669769287,0.41116611162821454,2,84.0,Proven Optimal (Gap = 0%)
F34,P34_6,8,500000,600000,7369,525185,532554,32554,Scheduled - Deadline Met,Yes,Yes,24.66996669769287,0.41116611162821454,2,84.0,Proven Optimal (Gap = 0%)
F34,P34_7,3,600000,700000,7369,660339,667708,67708,Scheduled - Deadline Met,Yes,Yes,24.66996669769287,0.41116611162821454,2,84.0,Proven Optimal (Gap = 0%)
F34,P34_8,3,700000,800000,7369,770981,778350,78350,Scheduled - Deadline Met,Yes,Yes,24.66996669769287,0.41116611162821454,2,84.0,Proven Optimal (Gap = 0%)
F34,P34_9,8,800000,900000,7369,850154,857523,57523,Scheduled - Deadline Met,Yes,Yes,24.66996669769287,0.41116611162821454,2,84.0,Proven Optimal (Gap = 0%)
F34,P34_10,3,900000,1000000,7369,908059,915428,15428,Scheduled - Deadline Met,Yes,Yes,24.66996669769287,0.41116611162821454,2,84.0,Proven Optimal (Gap = 0%)
F34,P34_11,3,1000000,1100000,7369,1032769,1040138,40138,Scheduled - Deadline Met,Yes,Yes,24.66996669769287,0.41116611162821454,2,84.0,Proven Optimal (Gap = 0%)
F34,P34_12,8,1100000,1200000,7369,1153463,1160832,60832,Scheduled - Deadline Met,Yes,Yes,24.66996669769287,0.41116611162821454,2,84.0,Proven Optimal (Gap = 0%)
F35,P35_1,6,0,400000,3753,180608,184361,184361,Scheduled - Deadline Met,Yes,Yes,24.66996669769287,0.41116611162821454,2,84.0,Proven Optimal (Gap = 0%)
F35,P35_2,6,400000,800000,3753,672546,676299,276299,Scheduled - Deadline Met,Yes,Yes,24.66996669769287,0.41116611162821454,2,84.0,Proven Optimal (Gap = 0%)
F35,P35_3,8,800000,1200000,3753,1082057,1085810,285810,Scheduled - Deadline Met,Yes,Yes,24.66996669769287,0.41116611162821454,2,84.0,Proven Optimal (Gap = 0%)
F36,P36_1,1,0,200000,4955,171136,176091,176091,Scheduled - Deadline Met,Yes,Yes,24.66996669769287,0.41116611162821454,2,84.0,Proven Optimal (Gap = 0%)
F36,P36_2,1,200000,400000,4955,240794,245749,45749,Scheduled - Deadline Met,Yes,Yes,24.66996669769287,0.41116611162821454,2,84.0,Proven Optimal (Gap = 0%)
F36,P36_3,8,400000,600000,4955,498316,503271,103271,Scheduled - Deadline Met,Yes,Yes,24.66996669769287,0.41116611162821454,2,84.0,Proven Optimal (Gap = 0%)
F36,P36_4,1,600000,800000,4955,727096,732051,132051,Scheduled - Deadline Met,Yes,Yes,24.66996669769287,0.41116611162821454,2,84.0,Proven Optimal (Gap = 0%)
F36,P36_5,1,800000,1000000,4955,841378,846333,46333,Scheduled - Deadline Met,Yes,Yes,24.66996669769287,0.41116611162821454,2,84.0,Proven Optimal (Gap = 0%)
F36,P36_6,8,1000000,1200000,4955,1126594,1131549,131549,Scheduled - Deadline Met,Yes,Yes,24.66996669769287,0.41116611162821454,2,84.0,Proven Optimal (Gap = 0%)
F37,P37_1,7,0,100000,3731,60450,64181,64181,Scheduled - Deadline Met,Yes,Yes,24.66996669769287,0.41116611162821454,2,84.0,Proven Optimal (Gap = 0%)
F37,P37_2,7,100000,200000,3731,180608,184339,84339,Scheduled - Deadline Met,Yes,Yes,24.66996669769287,0.41116611162821454,2,84.0,Proven Optimal (Gap = 0%)
F37,P37_3,8,200000,300000,3731,289868,293599,93599,Scheduled - Deadline Met,Yes,Yes,24.66996669769287,0.41116611162821454,2,84.0,Proven Optimal (Gap = 0%)
F37,P37_4,7,300000,400000,3731,364352,368083,68083,Scheduled - Deadline Met,Yes,Yes,24.66996669769287,0.41116611162821454,2,84.0,Proven Optimal (Gap = 0%)
F37,P37_5,7,400000,500000,3731,400000,403731,3731,Scheduled - Deadline Met,Yes,Yes,24.66996669769287,0.41116611162821454,2,84.0,Proven Optimal (Gap = 0%)
F37,P37_6,8,500000,600000,3731,567689,571420,71420,Scheduled - Deadline Met,Yes,Yes,24.66996669769287,0.41116611162821454,2,84.0,Proven Optimal (Gap = 0%)
F37,P37_7,7,600000,700000,3731,685855,689586,89586,Scheduled - Deadline Met,Yes,Yes,24.66996669769287,0.41116611162821454,2,84.0,Proven Optimal (Gap = 0%)
F37,P37_8,7,700000,800000,3731,723269,727000,27000,Scheduled - Deadline Met,Yes,Yes,24.66996669769287,0.41116611162821454,2,84.0,Proven Optimal (Gap = 0%)
F37,P37_9,8,800000,900000,3731,878979,882710,82710,Scheduled - Deadline Met,Yes,Yes,24.66996669769287,0.41116611162821454,2,84.0,Proven Optimal (Gap = 0%)
F37,P37_10,7,900000,1000000,3731,900000,903731,3731,Scheduled - Deadline Met,Yes,Yes,24.66996669769287,0.41116611162821454,2,84.0,Proven Optimal (Gap = 0%)
F37,P37_11,7,1000000,1100000,3731,1060387,1064118,64118,Scheduled - Deadline Met,Yes,Yes,24.66996669769287,0.41116611162821454,2,84.0,Proven Optimal (Gap = 0%)
F37,P37_12,8,1100000,1200000,3731,1178979,1182710,82710,Scheduled - Deadline Met,Yes,Yes,24.66996669769287,0.41116611162821454,2,84.0,Proven Optimal (Gap = 0%)
F38,P38_1,7,0,200000,3917,86366,90283,90283,Scheduled - Deadline Met,Yes,Yes,24.66996669769287,0.41116611162821454,2,84.0,Proven Optimal (Gap = 0%)
F38,P38_2,7,200000,400000,3917,234144,238061,38061,Scheduled - Deadline Met,Yes,Yes,24.66996669769287,0.41116611162821454,2,84.0,Proven Optimal (Gap = 0%)
F38,P38_3,8,400000,600000,3917,507814,511731,111731,Scheduled - Deadline Met,Yes,Yes,24.66996669769287,0.41116611162821454,2,84.0,Proven Optimal (Gap = 0%)
F38,P38_4,7,600000,800000,3917,692580,696497,96497,Scheduled - Deadline Met,Yes,Yes,24.66996669769287,0.41116611162821454,2,84.0,Proven Optimal (Gap = 0%)
F38,P38_5,7,800000,1000000,3917,807603,811520,11520,Scheduled - Deadline Met,Yes,Yes,24.66996669769287,0.41116611162821454,2,84.0,Proven Optimal (Gap = 0%)
F38,P38_6,8,1000000,1200000,3917,1136092,1140009,140009,Scheduled - Deadline Met,Yes,Yes,24.66996669769287,0.41116611162821454,2,84.0,Proven Optimal (Gap = 0%)
F39,P39_1,3,0,400000,7313,128538,135851,135851,Scheduled - Deadline Met,Yes,Yes,24.66996669769287,0.41116611162821454,2,84.0,Proven Optimal (Gap = 0%)
F39,P39_2,3,400000,800000,7313,618208,625521,225521,Scheduled - Deadline Met,Yes,Yes,24.66996669769287,0.41116611162821454,2,84.0,Proven Optimal (Gap = 0%)
F39,P39_3,8,800000,1200000,7313,997166,1004479,204479,Scheduled - Deadline Met,Yes,Yes,24.66996669769287,0.41116611162821454,2,84.0,Proven Optimal (Gap = 0%)
F4,P4_1,2,0,400000,8610,7465,16075,16075,Scheduled - Deadline Met,Yes,Yes,24.66996669769287,0.41116611162821454,2,84.0,Proven Optimal (Gap = 0%)
F4,P4_2,2,400000,800000,8610,588710,597320,197320,Scheduled - Deadline Met,Yes,Yes,24.66996669769287,0.41116611162821454,2,84.0,Proven Optimal (Gap = 0%)
F4,P4_3,8,800000,1200000,8610,976556,985166,185166,Scheduled - Deadline Met,Yes,Yes,24.66996669769287,0.41116611162821454,2,84.0,Proven Optimal (Gap = 0%)
F40,P40_1,3,0,200000,7507,77255,84762,84762,Scheduled - Deadline Met,Yes,Yes,24.66996669769287,0.41116611162821454,2,84.0,Proven Optimal (Gap = 0%)
F40,P40_2,3,200000,400000,7507,216348,223855,23855,Scheduled - Deadline Met,Yes,Yes,24.66996669769287,0.41116611162821454,2,84.0,Proven Optimal (Gap = 0%)
F40,P40_3,8,400000,600000,7507,483368,490875,90875,Scheduled - Deadline Met,Yes,Yes,24.66996669769287,0.41116611162821454,2,84.0,Proven Optimal (Gap = 0%)
F40,P40_4,3,600000,800000,7507,759230,766737,166737,Scheduled - Deadline Met,Yes,Yes,24.66996669769287,0.41116611162821454,2,84.0,Proven Optimal (Gap = 0%)
F40,P40_5,3,800000,1000000,7507,800000,807507,7507,Scheduled - Deadline Met,Yes,Yes,24.66996669769287,0.41116611162821454,2,84.0,Proven Optimal (Gap = 0%)
F40,P40_6,8,1000000,1200000,7507,1111646,1119153,119153,Scheduled - Deadline Met,Yes,Yes,24.66996669769287,0.41116611162821454,2,84.0,Proven Optimal (Gap = 0%)
F41,P41_1,4,0,400000,600,135947,136547,136547,Scheduled - Deadline Met,Yes,Yes,24.66996669769287,0.41116611162821454,2,84.0,Proven Optimal (Gap = 0%)
F41,P41_2,4,400000,800000,600,688986,689586,289586,Scheduled - Deadline Met,Yes,Yes,24.66996669769287,0.41116611162821454,2,84.0,Proven Optimal (Gap = 0%)
F41,P41_3,8,800000,1200000,600,1101917,1102517,302517,Scheduled - Deadline Met,Yes,Yes,24.66996669769287,0.41116611162821454,2,84.0,Proven Optimal (Gap = 0%)
F42,P42_1,7,0,400000,600,176187,176787,176787,Scheduled - Deadline Met,Yes,Yes,24.66996669769287,0.41116611162821454,2,84.0,Proven Optimal (Gap = 0%)
F42,P42_2,7,400000,800000,600,679268,679868,279868,Scheduled - Deadline Met,Yes,Yes,24.66996669769287,0.41116611162821454,2,84.0,Proven Optimal (Gap = 0%)
F42,P42_3,8,800000,1200000,600,1102613,1103213,303213,Scheduled - Deadline Met,Yes,Yes,24.66996669769287,0.41116611162821454,2,84.0,Proven Optimal (Gap = 0%)
F43,P43_1,3,0,200000,1617,108042,109659,109659,Scheduled - Deadline Met,Yes,Yes,24.66996669769287,0.41116611162821454,2,84.0,Proven Optimal (Gap = 0%)
F43,P43_2,3,200000,400000,1617,252005,253622,53622,Scheduled - Deadline Met,Yes,Yes,24.66996669769287,0.41116611162821454,2,84.0,Proven Optimal (Gap = 0%)
F43,P43_3,8,400000,600000,1617,522760,524377,124377,Scheduled - Deadline Met,Yes,Yes,24.66996669769287,0.41116611162821454,2,84.0,Proven Optimal (Gap = 0%)
F43,P43_4,3,600000,800000,1617,769268,770885,170885,Scheduled - Deadline Met,Yes,Yes,24.66996669769287,0.41116611162821454,2,84.0,Proven Optimal (Gap = 0%)
F43,P43_5,3,800000,1000000,1617,839665,841282,41282,Scheduled - Deadline Met,Yes,Yes,24.66996669769287,0.41116611162821454,2,84.0,Proven Optimal (Gap = 0%)
F43,P43_6,8,1000000,1200000,1617,1151038,1152655,152655,Scheduled - Deadline Met,Yes,Yes,24.66996669769287,0.41116611162821454,2,84.0,Proven Optimal (Gap = 0%)
F44,P44_1,4,0,400000,10263,38398,48661,48661,Scheduled - Deadline Met,Yes,Yes,24.66996669769287,0.41116611162821454,2,84.0,Proven Optimal (Gap = 0%)
F44,P44_2,4,400000,800000,10263,436543,446806,46806,Scheduled - Deadline Met,Yes,Yes,24.66996669769287,0.41116611162821454,2,84.0,Proven Optimal (Gap = 0%)
F44,P44_3,8,800000,1200000,10263,957396,967659,167659,Scheduled - Deadline Met,Yes,Yes,24.66996669769287,0.41116611162821454,2,84.0,Proven Optimal (Gap = 0%)
F45,P45_1,4,0,100000,2006,24713,26719,26719,Scheduled - Deadline Met,Yes,Yes,24.66996669769287,0.41116611162821454,2,84.0,Proven Optimal (Gap = 0%)
F45,P45_2,4,100000,200000,2006,154433,156439,56439,Scheduled - Deadline Met,Yes,Yes,24.66996669769287,0.41116611162821454,2,84.0,Proven Optimal (Gap = 0%)
F45,P45_3,8,200000,300000,2006,297198,299204,99204,Scheduled - Deadline Met,Yes,Yes,24.66996669769287,0.41116611162821454,2,84.0,Proven Optimal (Gap = 0%)
F45,P45_4,4,300000,400000,2006,376440,378446,78446,Scheduled - Deadline Met,Yes,Yes,24.66996669769287,0.41116611162821454,2,84.0,Proven Optimal (Gap = 0%)
F45,P45_5,4,400000,500000,2006,404623,406629,6629,Scheduled - Deadline Met,Yes,Yes,24.66996669769287,0.41116611162821454,2,84.0,Proven Optimal (Gap = 0%)
F45,P45_6,8,500000,600000,2006,575019,577025,77025,Scheduled - Deadline Met,Yes,Yes,24.66996669769287,0.41116611162821454,2,84.0,Proven Optimal (Gap = 0%)
F45,P45_7,4,600000,700000,2006,689682,691688,91688,Scheduled - Deadline Met,Yes,Yes,24.66996669769287,0.41116611162821454,2,84.0,Proven Optimal (Gap = 0%)
F45,P45_8,4,700000,800000,2006,700000,702006,2006,Scheduled - Deadline Met,Yes,Yes,24.66996669769287,0.41116611162821454,2,84.0,Proven Optimal (Gap = 0%)
F45,P45_9,8,800000,900000,2006,886309,888315,88315,Scheduled - Deadline Met,Yes,Yes,24.66996669769287,0.41116611162821454,2,84.0,Proven Optimal (Gap = 0%)
F45,P45_10,4,900000,1000000,2006,933642,935648,35648,Scheduled - Deadline Met,Yes,Yes,24.66996669769287,0.41116611162821454,2,84.0,Proven Optimal (Gap = 0%)
F45,P45_11,4,1000000,1100000,2006,1040234,1042240,42240,Scheduled - Deadline Met,Yes,Yes,24.66996669769287,0.41116611162821454,2,84.0,Proven Optimal (Gap = 0%)
F45,P45_12,8,1100000,1200000,2006,1186309,1188315,88315,Scheduled - Deadline Met,Yes,Yes,24.66996669769287,0.41116611162821454,2,84.0,Proven Optimal (Gap = 0%)
F46,P46_1,7,0,400000,10889,136643,147532,147532,Scheduled - Deadline Met,Yes,Yes,24.66996669769287,0.41116611162821454,2,84.0,Proven Optimal (Gap = 0%)
F46,P46_2,7,400000,800000,10889,406725,417614,17614,Scheduled - Deadline Met,Yes,Yes,24.66996669769287,0.41116611162821454,2,84.0,Proven Optimal (Gap = 0%)
F46,P46_3,8,800000,1200000,10889,935744,946633,146633,Scheduled - Deadline Met,Yes,Yes,24.66996669769287,0.41116611162821454,2,84.0,Proven Optimal (Gap = 0%)
F47,P47_1,3,0,200000,2339,90379,92718,92718,Scheduled - Deadline Met,Yes,Yes,24.66996669769287,0.41116611162821454,2,84.0,Proven Optimal (Gap = 0%)
F47,P47_2,3,200000,400000,2339,245845,248184,48184,Scheduled - Deadline Met,Yes,Yes,24.66996669769287,0.41116611162821454,2,84.0,Proven Optimal (Gap = 0%)
F47,P47_3,8,400000,600000,2339,518189,520528,120528,Scheduled - Deadline Met,Yes,Yes,24.66996669769287,0.41116611162821454,2,84.0,Proven Optimal (Gap = 0%)
F47,P47_4,3,600000,800000,2339,766833,769172,169172,Scheduled - Deadline Met,Yes,Yes,24.66996669769287,0.41116611162821454,2,84.0,Proven Optimal (Gap = 0%)
F47,P47_5,3,800000,1000000,2339,829173,831512,31512,Scheduled - Deadline Met,Yes,Yes,24.66996669769287,0.41116611162821454,2,84.0,Proven Optimal (Gap = 0%)
F47,P47_6,8,1000000,1200000,2339,1146467,1148806,148806,Scheduled - Deadline Met,Yes,Yes,24.66996669769287,0.41116611162821454,2,84.0,Proven Optimal (Gap = 0%)
F48,P48_1,6,0,400000,1142,184457,185599,185599,Scheduled - Deadline Met,Yes,Yes,24.66996669769287,0.41116611162821454,2,84.0,Proven Optimal (Gap = 0%)
F48,P48_2,6,400000,800000,1142,676395,677537,277537,Scheduled - Deadline Met,Yes,Yes,24.66996669769287,0.41116611162821454,2,84.0,Proven Optimal (Gap = 0%)
F48,P48_3,8,800000,1200000,1142,1095036,1096178,296178,Scheduled - Deadline Met,Yes,Yes,24.66996669769287,0.41116611162821454,2,84.0,Proven Optimal (Gap = 0%)
F5,P5_1,5,0,400000,1929,194885,196814,196814,Scheduled - Deadline Met,Yes,Yes,24.66996669769287,0.41116611162821454,2,84.0,Proven Optimal (Gap = 0%)
F5,P5_2,5,400000,800000,1929,606217,608146,208146,Scheduled - Deadline Met,Yes,Yes,24.66996669769287,0.41116611162821454,2,84.0,Proven Optimal (Gap = 0%)
F5,P5_3,8,800000,1200000,1929,1091196,1093125,293125,Scheduled - Deadline Met,Yes,Yes,24.66996669769287,0.41116611162821454,2,84.0,Proven Optimal (Gap = 0%)
F6,P6_1,4,0,400000,4914,48757,53671,53671,Scheduled - Deadline Met,Yes,Yes,24.66996669769287,0.41116611162821454,2,84.0,Proven Optimal (Gap = 0%)
F6,P6_2,4,400000,800000,4914,466518,471432,71432,Scheduled - Deadline Met,Yes,Yes,24.66996669769287,0.41116611162821454,2,84.0,Proven Optimal (Gap = 0%)
F6,P6_3,8,800000,1200000,4914,1068513,1073427,273427,Scheduled - Deadline Met,Yes,Yes,24.66996669769287,0.41116611162821454,2,84.0,Proven Optimal (Gap = 0%)
F7,P7_1,1,0,200000,3629,176883,180512,180512,Scheduled - Deadline Met,Yes,Yes,24.66996669769287,0.41116611162821454,2,84.0,Proven Optimal (Gap = 0%)
F7,P7_2,1,200000,400000,3629,248280,251909,51909,Scheduled - Deadline Met,Yes,Yes,24.66996669769287,0.41116611162821454,2,84.0,Proven Optimal (Gap = 0%)
F7,P7_3,8,400000,600000,3629,511827,515456,115456,Scheduled - Deadline Met,Yes,Yes,24.66996669769287,0.41116611162821454,2,84.0,Proven Optimal (Gap = 0%)
F7,P7_4,1,600000,800000,3629,732943,736572,136572,Scheduled - Deadline Met,Yes,Yes,24.66996669769287,0.41116611162821454,2,84.0,Proven Optimal (Gap = 0%)
F7,P7_5,1,800000,1000000,3629,846429,850058,50058,Scheduled - Deadline Met,Yes,Yes,24.66996669769287,0.41116611162821454,2,84.0,Proven Optimal (Gap = 0%)
F7,P7_6,8,1000000,1200000,3629,1140105,1143734,143734,Scheduled - Deadline Met,Yes,Yes,24.66996669769287,0.41116611162821454,2,84.0,Proven Optimal (Gap = 0%)
F8,P8_1,5,0,400000,6099,92814,98913,98913,Scheduled - Deadline Met,Yes,Yes,24.66996669769287,0.41116611162821454,2,84.0,Proven Optimal (Gap = 0%)
F8,P8_2,5,400000,800000,6099,550579,556678,156678,Scheduled - Deadline Met,Yes,Yes,24.66996669769287,0.41116611162821454,2,84.0,Proven Optimal (Gap = 0%)
F8,P8_3,8,800000,1200000,6099,1004575,1010674,210674,Scheduled - Deadline Met,Yes,Yes,24.66996669769287,0.41116611162821454,2,84.0,Proven Optimal (Gap = 0%)
F9,P9_1,1,0,100000,4136,69520,73656,73656,Scheduled - Deadline Met,Yes,Yes,24.66996669769287,0.41116611162821454,2,84.0,Proven Optimal (Gap = 0%)
F9,P9_2,1,100000,200000,4136,195864,200000,100000,Scheduled - Deadline Met,Yes,Yes,24.66996669769287,0.41116611162821454,2,84.0,Proven Optimal (Gap = 0%)
F9,P9_3,8,200000,300000,4136,285636,289772,89772,Scheduled - Deadline Met,Yes,Yes,24.66996669769287,0.41116611162821454,2,84.0,Proven Optimal (Gap = 0%)
F9,P9_4,1,300000,400000,4136,378542,382678,82678,Scheduled - Deadline Met,Yes,Yes,24.66996669769287,0.41116611162821454,2,84.0,Proven Optimal (Gap = 0%)
F9,P9_5,1,400000,500000,4136,425175,429311,29311,Scheduled - Deadline Met,Yes,Yes,24.66996669769287,0.41116611162821454,2,84.0,Proven Optimal (Gap = 0%)
F9,P9_6,8,500000,600000,4136,563457,567593,67593,Scheduled - Deadline Met,Yes,Yes,24.66996669769287,0.41116611162821454,2,84.0,Proven Optimal (Gap = 0%)
F9,P9_7,1,600000,700000,4136,674940,679076,79076,Scheduled - Deadline Met,Yes,Yes,24.66996669769287,0.41116611162821454,2,84.0,Proven Optimal (Gap = 0%)
F9,P9_8,1,700000,800000,4136,785582,789718,89718,Scheduled - Deadline Met,Yes,Yes,24.66996669769287,0.41116611162821454,2,84.0,Proven Optimal (Gap = 0%)
F9,P9_9,8,800000,900000,4136,874747,878883,78883,Scheduled - Deadline Met,Yes,Yes,24.66996669769287,0.41116611162821454,2,84.0,Proven Optimal (Gap = 0%)
F9,P9_10,1,900000,1000000,4136,903827,907963,7963,Scheduled - Deadline Met,Yes,Yes,24.66996669769287,0.41116611162821454,2,84.0,Proven Optimal (Gap = 0%)
F9,P9_11,1,1000000,1100000,4136,1049472,1053608,53608,Scheduled - Deadline Met,Yes,Yes,24.66996669769287,0.41116611162821454,2,84.0,Proven Optimal (Gap = 0%)
F9,P9_12,8,1100000,1200000,4136,1174747,1178883,78883,Scheduled - Deadline Met,Yes,Yes,24.66996669769287,0.41116611162821454,2,84.0,Proven Optimal (Gap = 0%)
