Flow,Period,Deadline,Execution Time,w,h,Target_Utilization,Actual_Utilization,Utilization_Error,Queue
F1,400000,400000,6077,1,2,0.015192581477173395,0.0151925,,6
F2,100000,100000,7341,1,2,0.07340528200714269,0.07341,,4
F3,100000,100000,6739,1,2,0.06738607581683925,0.06739,,6
F4,400000,400000,10169,1,2,0.02542259996955032,0.0254225,,4
F5,100000,100000,6165,1,2,0.0616546847496281,0.06165,,5
F6,100000,100000,7050,1,2,0.07050427241429502,0.0705,,7
F7,400000,400000,4531,1,2,0.01132874122289329,0.0113275,,7
F8,400000,400000,9726,1,2,0.024314443522892304,0.024315,,3
F9,400000,400000,4596,1,2,0.011489831458720567,0.01149,,2
F10,100000,100000,2183,1,2,0.021830498911346252,0.02183,,1
F11,100000,100000,6327,1,2,0.0632678334819409,0.06327,,3
F12,400000,400000,3349,1,2,0.00837131663868787,0.0083725,,4
F13,200000,200000,3230,1,2,0.016149657606026963,0.01615,,5
F14,100000,100000,5419,1,2,0.054189117113534635,0.05419,,2
F15,200000,200000,4955,1,2,0.0247742730643824,0.024775,,4
F16,100000,100000,7816,1,2,0.07816498565066823,0.07816,,2
