Flow,Packet,Class,Arrival,Deadline,Execution Time,Gate Open,Gate Close,Response Time,Status,Scheduled,Deadline Met,Solver_Execution_Time_Seconds,Solver_Execution_Time_Minutes,Solver_Status,Objective_Value,Stopping_Reason
F1,P1_1,5,0,400000,600,181790.0,182390.0,182390.0,Scheduled - Deadline Met,Yes,Yes,3600.2909939289093,60.00484989881515,9,8966.0,Gurobi Status: 9
F1,P1_2,5,400000,800000,600,611441.0,612041.0,212041.0,Scheduled - Deadline Met,Yes,Yes,3600.2909939289093,60.00484989881515,9,8966.0,Gurobi Status: 9
F1,P1_3,8,800000,1200000,600,896373.0,896973.0,96973.0,Scheduled - Deadline Met,Yes,Yes,3600.2909939289093,60.00484989881515,9,8966.0,Gurobi Status: 9
F1,P1_4,5,1200000,1600000,600,1388948.0,1389548.0,189548.0,Scheduled - Deadline Met,Yes,Yes,3600.2909939289093,60.00484989881515,9,8966.0,Gurobi Status: 9
F1,P1_5,5,1600000,2000000,600,1825849.0,1826449.0,226449.0,Scheduled - Deadline Met,Yes,Yes,3600.2909939289093,60.00484989881515,9,8966.0,Gurobi Status: 9
F1,P1_6,8,2000000,2400000,600,2184900.0,2185500.0,185500.0,Scheduled - Deadline Met,Yes,Yes,3600.2909939289093,60.00484989881515,9,8966.0,Gurobi Status: 9
F10,P10_1,7,0,400000,2284,319276.0,321560.0,321560.0,Scheduled - Deadline Met,Yes,Yes,3600.2909939289093,60.00484989881515,9,8966.0,Gurobi Status: 9
F10,P10_2,7,400000,800000,2284,488711.0,490995.0,90995.0,Scheduled - Deadline Met,Yes,Yes,3600.2909939289093,60.00484989881515,9,8966.0,Gurobi Status: 9
F10,P10_3,8,800000,1200000,2284,892909.0,895193.0,95193.0,Scheduled - Deadline Met,Yes,Yes,3600.2909939289093,60.00484989881515,9,8966.0,Gurobi Status: 9
F10,P10_4,7,1200000,1600000,2284,1393974.0,1396258.0,196258.0,Scheduled - Deadline Met,Yes,Yes,3600.2909939289093,60.00484989881515,9,8966.0,Gurobi Status: 9
F10,P10_5,7,1600000,2000000,2284,1744709.0,1746993.0,146993.0,Scheduled - Deadline Met,Yes,Yes,3600.2909939289093,60.00484989881515,9,8966.0,Gurobi Status: 9
F10,P10_6,8,2000000,2400000,2284,2102333.0,2104617.0,104617.0,Scheduled - Deadline Met,Yes,Yes,3600.2909939289093,60.00484989881515,9,8966.0,Gurobi Status: 9
F11,P11_1,5,0,400000,2978,177632.0,180610.0,180610.0,Scheduled - Deadline Met,Yes,Yes,3600.2909939289093,60.00484989881515,9,8966.0,Gurobi Status: 9
F11,P11_2,5,400000,800000,2978,469353.0,472331.0,72331.0,Scheduled - Deadline Met,Yes,Yes,3600.2909939289093,60.00484989881515,9,8966.0,Gurobi Status: 9
F11,P11_3,8,800000,1200000,2978,889835.0,892813.0,92813.0,Scheduled - Deadline Met,Yes,Yes,3600.2909939289093,60.00484989881515,9,8966.0,Gurobi Status: 9
F11,P11_4,5,1200000,1600000,2978,1384790.0,1387768.0,187768.0,Scheduled - Deadline Met,Yes,Yes,3600.2909939289093,60.00484989881515,9,8966.0,Gurobi Status: 9
F11,P11_5,5,1600000,2000000,2978,1798813.0,1801791.0,201791.0,Scheduled - Deadline Met,Yes,Yes,3600.2909939289093,60.00484989881515,9,8966.0,Gurobi Status: 9
F11,P11_6,8,2000000,2400000,2978,,,,BE - Not Scheduled,No,N/A,3600.2909939289093,60.00484989881515,9,8966.0,Gurobi Status: 9
F12,P12_1,3,0,100000,1715,25437.0,27152.0,27152.0,Scheduled - Deadline Met,Yes,Yes,3600.2909939289093,60.00484989881515,9,8966.0,Gurobi Status: 9
F12,P12_2,3,100000,200000,1715,173124.0,174839.0,74839.0,Scheduled - Deadline Met,Yes,Yes,3600.2909939289093,60.00484989881515,9,8966.0,Gurobi Status: 9
F12,P12_3,8,200000,300000,1715,221082.0,222797.0,22797.0,Scheduled - Deadline Met,Yes,Yes,3600.2909939289093,60.00484989881515,9,8966.0,Gurobi Status: 9
F12,P12_4,3,300000,400000,1715,380276.0,381991.0,81991.0,Scheduled - Deadline Met,Yes,Yes,3600.2909939289093,60.00484989881515,9,8966.0,Gurobi Status: 9
F12,P12_5,3,400000,500000,1715,465089.0,466804.0,66804.0,Scheduled - Deadline Met,Yes,Yes,3600.2909939289093,60.00484989881515,9,8966.0,Gurobi Status: 9
F12,P12_6,8,500000,600000,1715,597346.0,599061.0,99061.0,Scheduled - Deadline Met,Yes,Yes,3600.2909939289093,60.00484989881515,9,8966.0,Gurobi Status: 9
F12,P12_7,3,600000,700000,1715,680862.0,682577.0,82577.0,Scheduled - Deadline Met,Yes,Yes,3600.2909939289093,60.00484989881515,9,8966.0,Gurobi Status: 9
F12,P12_8,3,700000,800000,1715,776163.0,777878.0,77878.0,Scheduled - Deadline Met,Yes,Yes,3600.2909939289093,60.00484989881515,9,8966.0,Gurobi Status: 9
F12,P12_9,8,800000,900000,1715,884666.0,886381.0,86381.0,Scheduled - Deadline Met,Yes,Yes,3600.2909939289093,60.00484989881515,9,8966.0,Gurobi Status: 9
F12,P12_10,3,900000,1000000,1715,992665.0,994380.0,94380.0,Scheduled - Deadline Met,Yes,Yes,3600.2909939289093,60.00484989881515,9,8966.0,Gurobi Status: 9
F12,P12_11,3,1000000,1100000,1715,1013495.0,1015210.0,15210.0,Scheduled - Deadline Met,Yes,Yes,3600.2909939289093,60.00484989881515,9,8966.0,Gurobi Status: 9
F12,P12_12,8,1100000,1200000,1715,1185905.0,1187620.0,87620.0,Scheduled - Deadline Met,Yes,Yes,3600.2909939289093,60.00484989881515,9,8966.0,Gurobi Status: 9
F12,P12_13,3,1200000,1300000,1715,1219714.0,1221429.0,21429.0,Scheduled - Deadline Met,Yes,Yes,3600.2909939289093,60.00484989881515,9,8966.0,Gurobi Status: 9
F12,P12_14,3,1300000,1400000,1715,1394482.0,1396197.0,96197.0,Scheduled - Deadline Met,Yes,Yes,3600.2909939289093,60.00484989881515,9,8966.0,Gurobi Status: 9
F12,P12_15,8,1400000,1500000,1715,1449437.0,1451152.0,51152.0,Scheduled - Deadline Met,Yes,Yes,3600.2909939289093,60.00484989881515,9,8966.0,Gurobi Status: 9
F12,P12_16,3,1500000,1600000,1715,1574340.0,1576055.0,76055.0,Scheduled - Deadline Met,Yes,Yes,3600.2909939289093,60.00484989881515,9,8966.0,Gurobi Status: 9
F12,P12_17,3,1600000,1700000,1715,1686803.0,1688518.0,88518.0,Scheduled - Deadline Met,Yes,Yes,3600.2909939289093,60.00484989881515,9,8966.0,Gurobi Status: 9
F12,P12_18,8,1700000,1800000,1715,1780643.0,1782358.0,82358.0,Scheduled - Deadline Met,Yes,Yes,3600.2909939289093,60.00484989881515,9,8966.0,Gurobi Status: 9
F12,P12_19,3,1800000,1900000,1715,1881528.0,1883243.0,83243.0,Scheduled - Deadline Met,Yes,Yes,3600.2909939289093,60.00484989881515,9,8966.0,Gurobi Status: 9
F12,P12_20,3,1900000,2000000,1715,1998189.0,1999904.0,99904.0,Scheduled - Deadline Met,Yes,Yes,3600.2909939289093,60.00484989881515,9,8966.0,Gurobi Status: 9
F12,P12_21,8,2000000,2100000,1715,2064775.0,2066490.0,66490.0,Scheduled - Deadline Met,Yes,Yes,3600.2909939289093,60.00484989881515,9,8966.0,Gurobi Status: 9
F12,P12_22,3,2100000,2200000,1715,2170409.0,2172124.0,72124.0,Scheduled - Deadline Met,Yes,Yes,3600.2909939289093,60.00484989881515,9,8966.0,Gurobi Status: 9
F12,P12_23,3,2200000,2300000,1715,2225779.0,2227494.0,27494.0,Scheduled - Deadline Met,Yes,Yes,3600.2909939289093,60.00484989881515,9,8966.0,Gurobi Status: 9
F12,P12_24,8,2300000,2400000,1715,2385905.0,2387620.0,87620.0,Scheduled - Deadline Met,Yes,Yes,3600.2909939289093,60.00484989881515,9,8966.0,Gurobi Status: 9
F13,P13_1,2,0,200000,2261,6969.0,9230.0,9230.0,Scheduled - Deadline Met,Yes,Yes,3600.2909939289093,60.00484989881515,9,8966.0,Gurobi Status: 9
F13,P13_2,2,200000,400000,2261,368227.0,370488.0,170488.0,Scheduled - Deadline Met,Yes,Yes,3600.2909939289093,60.00484989881515,9,8966.0,Gurobi Status: 9
F13,P13_3,8,400000,600000,2261,400939.0,403200.0,3200.0,Scheduled - Deadline Met,Yes,Yes,3600.2909939289093,60.00484989881515,9,8966.0,Gurobi Status: 9
F13,P13_4,2,600000,800000,2261,682673.0,684934.0,84934.0,Scheduled - Deadline Met,Yes,Yes,3600.2909939289093,60.00484989881515,9,8966.0,Gurobi Status: 9
F13,P13_5,2,800000,1000000,2261,875924.0,878185.0,78185.0,Scheduled - Deadline Met,Yes,Yes,3600.2909939289093,60.00484989881515,9,8966.0,Gurobi Status: 9
F13,P13_6,8,1000000,1200000,2261,1157145.0,1159406.0,159406.0,Scheduled - Deadline Met,Yes,Yes,3600.2909939289093,60.00484989881515,9,8966.0,Gurobi Status: 9
F13,P13_7,2,1200000,1400000,2261,1200000.0,1202261.0,2261.0,Scheduled - Deadline Met,Yes,Yes,3600.2909939289093,60.00484989881515,9,8966.0,Gurobi Status: 9
F13,P13_8,2,1400000,1600000,2261,1400939.0,1403200.0,3200.0,Scheduled - Deadline Met,Yes,Yes,3600.2909939289093,60.00484989881515,9,8966.0,Gurobi Status: 9
F13,P13_9,8,1600000,1800000,2261,1751883.0,1754144.0,154144.0,Scheduled - Deadline Met,Yes,Yes,3600.2909939289093,60.00484989881515,9,8966.0,Gurobi Status: 9
F13,P13_10,2,1800000,2000000,2261,1853277.0,1855538.0,55538.0,Scheduled - Deadline Met,Yes,Yes,3600.2909939289093,60.00484989881515,9,8966.0,Gurobi Status: 9
F13,P13_11,2,2000000,2200000,2261,2062418.0,2064679.0,64679.0,Scheduled - Deadline Met,Yes,Yes,3600.2909939289093,60.00484989881515,9,8966.0,Gurobi Status: 9
F13,P13_12,8,2200000,2400000,2261,2357145.0,2359406.0,159406.0,Scheduled - Deadline Met,Yes,Yes,3600.2909939289093,60.00484989881515,9,8966.0,Gurobi Status: 9
F14,P14_1,4,0,400000,3262,200085.0,203347.0,203347.0,Scheduled - Deadline Met,Yes,Yes,3600.2909939289093,60.00484989881515,9,8966.0,Gurobi Status: 9
F14,P14_2,4,400000,800000,3262,633127.0,636389.0,236389.0,Scheduled - Deadline Met,Yes,Yes,3600.2909939289093,60.00484989881515,9,8966.0,Gurobi Status: 9
F14,P14_3,8,800000,1200000,3262,886477.0,889739.0,89739.0,Scheduled - Deadline Met,Yes,Yes,3600.2909939289093,60.00484989881515,9,8966.0,Gurobi Status: 9
F14,P14_4,4,1200000,1600000,3262,1405523.0,1408785.0,208785.0,Scheduled - Deadline Met,Yes,Yes,3600.2909939289093,60.00484989881515,9,8966.0,Gurobi Status: 9
F14,P14_5,4,1600000,2000000,3262,1721019.0,1724281.0,124281.0,Scheduled - Deadline Met,Yes,Yes,3600.2909939289093,60.00484989881515,9,8966.0,Gurobi Status: 9
F14,P14_6,8,2000000,2400000,3262,,,,BE - Not Scheduled,No,N/A,3600.2909939289093,60.00484989881515,9,8966.0,Gurobi Status: 9
F15,P15_1,1,0,400000,600,260091.0,260691.0,260691.0,Scheduled - Deadline Met,Yes,Yes,3600.2909939289093,60.00484989881515,9,8966.0,Gurobi Status: 9
F15,P15_2,1,400000,800000,600,640815.0,641415.0,241415.0,Scheduled - Deadline Met,Yes,Yes,3600.2909939289093,60.00484989881515,9,8966.0,Gurobi Status: 9
F15,P15_3,8,800000,1200000,600,897765.0,898365.0,98365.0,Scheduled - Deadline Met,Yes,Yes,3600.2909939289093,60.00484989881515,9,8966.0,Gurobi Status: 9
F15,P15_4,1,1200000,1600000,600,1399304.0,1399904.0,199904.0,Scheduled - Deadline Met,Yes,Yes,3600.2909939289093,60.00484989881515,9,8966.0,Gurobi Status: 9
F15,P15_5,1,1600000,2000000,600,1841900.0,1842500.0,242500.0,Scheduled - Deadline Met,Yes,Yes,3600.2909939289093,60.00484989881515,9,8966.0,Gurobi Status: 9
F15,P15_6,8,2000000,2400000,600,2186292.0,2186892.0,186892.0,Scheduled - Deadline Met,Yes,Yes,3600.2909939289093,60.00484989881515,9,8966.0,Gurobi Status: 9
F16,P16_1,5,0,100000,3707,939.0,4646.0,4646.0,Scheduled - Deadline Met,Yes,Yes,3600.2909939289093,60.00484989881515,9,8966.0,Gurobi Status: 9
F16,P16_2,5,100000,200000,3707,194112.0,197819.0,97819.0,Scheduled - Deadline Met,Yes,Yes,3600.2909939289093,60.00484989881515,9,8966.0,Gurobi Status: 9
F16,P16_3,8,200000,300000,3707,217279.0,220986.0,20986.0,Scheduled - Deadline Met,Yes,Yes,3600.2909939289093,60.00484989881515,9,8966.0,Gurobi Status: 9
F16,P16_4,5,300000,400000,3707,363485.0,367192.0,67192.0,Scheduled - Deadline Met,Yes,Yes,3600.2909939289093,60.00484989881515,9,8966.0,Gurobi Status: 9
F16,P16_5,5,400000,500000,3707,415816.0,419523.0,19523.0,Scheduled - Deadline Met,Yes,Yes,3600.2909939289093,60.00484989881515,9,8966.0,Gurobi Status: 9
F16,P16_6,8,500000,600000,3707,,,,BE - Not Scheduled,No,N/A,3600.2909939289093,60.00484989881515,9,8966.0,Gurobi Status: 9
F16,P16_7,5,600000,700000,3707,612380.0,616087.0,16087.0,Scheduled - Deadline Met,Yes,Yes,3600.2909939289093,60.00484989881515,9,8966.0,Gurobi Status: 9
F16,P16_8,5,700000,800000,3707,762668.0,766375.0,66375.0,Scheduled - Deadline Met,Yes,Yes,3600.2909939289093,60.00484989881515,9,8966.0,Gurobi Status: 9
F16,P16_9,8,800000,900000,3707,880734.0,884441.0,84441.0,Scheduled - Deadline Met,Yes,Yes,3600.2909939289093,60.00484989881515,9,8966.0,Gurobi Status: 9
F16,P16_10,5,900000,1000000,3707,994482.0,998189.0,98189.0,Scheduled - Deadline Met,Yes,Yes,3600.2909939289093,60.00484989881515,9,8966.0,Gurobi Status: 9
F16,P16_11,5,1000000,1100000,3707,1000000.0,1003707.0,3707.0,Scheduled - Deadline Met,Yes,Yes,3600.2909939289093,60.00484989881515,9,8966.0,Gurobi Status: 9
F16,P16_12,8,1100000,1200000,3707,1182102.0,1185809.0,85809.0,Scheduled - Deadline Met,Yes,Yes,3600.2909939289093,60.00484989881515,9,8966.0,Gurobi Status: 9
F16,P16_13,5,1200000,1300000,3707,1206219.0,1209926.0,9926.0,Scheduled - Deadline Met,Yes,Yes,3600.2909939289093,60.00484989881515,9,8966.0,Gurobi Status: 9
F16,P16_14,5,1300000,1400000,3707,1396293.0,1400000.0,100000.0,Scheduled - Deadline Met,Yes,Yes,3600.2909939289093,60.00484989881515,9,8966.0,Gurobi Status: 9
F16,P16_15,8,1400000,1500000,3707,1425896.0,1429603.0,29603.0,Scheduled - Deadline Met,Yes,Yes,3600.2909939289093,60.00484989881515,9,8966.0,Gurobi Status: 9
F16,P16_16,5,1500000,1600000,3707,1539099.0,1542806.0,42806.0,Scheduled - Deadline Met,Yes,Yes,3600.2909939289093,60.00484989881515,9,8966.0,Gurobi Status: 9
F16,P16_17,5,1600000,1700000,3707,1600000.0,1603707.0,3707.0,Scheduled - Deadline Met,Yes,Yes,3600.2909939289093,60.00484989881515,9,8966.0,Gurobi Status: 9
F16,P16_18,8,1700000,1800000,3707,1776840.0,1780547.0,80547.0,Scheduled - Deadline Met,Yes,Yes,3600.2909939289093,60.00484989881515,9,8966.0,Gurobi Status: 9
F16,P16_19,5,1800000,1900000,3707,1868033.0,1871740.0,71740.0,Scheduled - Deadline Met,Yes,Yes,3600.2909939289093,60.00484989881515,9,8966.0,Gurobi Status: 9
F16,P16_20,5,1900000,2000000,3707,1993447.0,1997154.0,97154.0,Scheduled - Deadline Met,Yes,Yes,3600.2909939289093,60.00484989881515,9,8966.0,Gurobi Status: 9
F16,P16_21,8,2000000,2100000,3707,,,,BE - Not Scheduled,No,N/A,3600.2909939289093,60.00484989881515,9,8966.0,Gurobi Status: 9
F16,P16_22,5,2100000,2200000,3707,2177234.0,2180941.0,80941.0,Scheduled - Deadline Met,Yes,Yes,3600.2909939289093,60.00484989881515,9,8966.0,Gurobi Status: 9
F16,P16_23,5,2200000,2300000,3707,2212284.0,2215991.0,15991.0,Scheduled - Deadline Met,Yes,Yes,3600.2909939289093,60.00484989881515,9,8966.0,Gurobi Status: 9
F16,P16_24,8,2300000,2400000,3707,2382102.0,2385809.0,85809.0,Scheduled - Deadline Met,Yes,Yes,3600.2909939289093,60.00484989881515,9,8966.0,Gurobi Status: 9
F17,P17_1,1,0,200000,10539,120073.0,130612.0,130612.0,Scheduled - Deadline Met,Yes,Yes,3600.2909939289093,60.00484989881515,9,8966.0,Gurobi Status: 9
F17,P17_2,1,200000,400000,10539,345735.0,356274.0,156274.0,Scheduled - Deadline Met,Yes,Yes,3600.2909939289093,60.00484989881515,9,8966.0,Gurobi Status: 9
F17,P17_3,8,400000,600000,10539,,,,BE - Not Scheduled,No,N/A,3600.2909939289093,60.00484989881515,9,8966.0,Gurobi Status: 9
F17,P17_4,1,600000,800000,10539,692592.0,703131.0,103131.0,Scheduled - Deadline Met,Yes,Yes,3600.2909939289093,60.00484989881515,9,8966.0,Gurobi Status: 9
F17,P17_5,1,800000,1000000,10539,830436.0,840975.0,40975.0,Scheduled - Deadline Met,Yes,Yes,3600.2909939289093,60.00484989881515,9,8966.0,Gurobi Status: 9
F17,P17_6,8,1000000,1200000,10539,1034701.0,1045240.0,45240.0,Scheduled - Deadline Met,Yes,Yes,3600.2909939289093,60.00484989881515,9,8966.0,Gurobi Status: 9
F17,P17_7,1,1200000,1400000,10539,1255445.0,1265984.0,65984.0,Scheduled - Deadline Met,Yes,Yes,3600.2909939289093,60.00484989881515,9,8966.0,Gurobi Status: 9
F17,P17_8,1,1400000,1600000,10539,1551370.0,1561909.0,161909.0,Scheduled - Deadline Met,Yes,Yes,3600.2909939289093,60.00484989881515,9,8966.0,Gurobi Status: 9
F17,P17_9,8,1600000,1800000,10539,,,,BE - Not Scheduled,No,N/A,3600.2909939289093,60.00484989881515,9,8966.0,Gurobi Status: 9
F17,P17_10,1,1800000,2000000,10539,1883339.0,1893878.0,93878.0,Scheduled - Deadline Met,Yes,Yes,3600.2909939289093,60.00484989881515,9,8966.0,Gurobi Status: 9
F17,P17_11,1,2000000,2200000,10539,2051783.0,2062322.0,62322.0,Scheduled - Deadline Met,Yes,Yes,3600.2909939289093,60.00484989881515,9,8966.0,Gurobi Status: 9
F17,P17_12,8,2200000,2400000,10539,2250939.0,2261478.0,61478.0,Scheduled - Deadline Met,Yes,Yes,3600.2909939289093,60.00484989881515,9,8966.0,Gurobi Status: 9
F18,P18_1,3,0,400000,6095,81428.0,87523.0,87523.0,Scheduled - Deadline Met,Yes,Yes,3600.2909939289093,60.00484989881515,9,8966.0,Gurobi Status: 9
F18,P18_2,3,400000,800000,6095,492175.0,498270.0,98270.0,Scheduled - Deadline Met,Yes,Yes,3600.2909939289093,60.00484989881515,9,8966.0,Gurobi Status: 9
F18,P18_3,8,800000,1200000,6095,,,,BE - Not Scheduled,No,N/A,3600.2909939289093,60.00484989881515,9,8966.0,Gurobi Status: 9
F18,P18_4,3,1200000,1600000,6095,1266080.0,1272175.0,72175.0,Scheduled - Deadline Met,Yes,Yes,3600.2909939289093,60.00484989881515,9,8966.0,Gurobi Status: 9
F18,P18_5,3,1600000,2000000,6095,1842596.0,1848691.0,248691.0,Scheduled - Deadline Met,Yes,Yes,3600.2909939289093,60.00484989881515,9,8966.0,Gurobi Status: 9
F18,P18_6,8,2000000,2400000,6095,,,,BE - Not Scheduled,No,N/A,3600.2909939289093,60.00484989881515,9,8966.0,Gurobi Status: 9
F19,P19_1,7,0,200000,7433,97637.0,105070.0,105070.0,Scheduled - Deadline Met,Yes,Yes,3600.2909939289093,60.00484989881515,9,8966.0,Gurobi Status: 9
F19,P19_2,7,200000,400000,7433,338206.0,345639.0,145639.0,Scheduled - Deadline Met,Yes,Yes,3600.2909939289093,60.00484989881515,9,8966.0,Gurobi Status: 9
F19,P19_3,8,400000,600000,7433,,,,BE - Not Scheduled,No,N/A,3600.2909939289093,60.00484989881515,9,8966.0,Gurobi Status: 9
F19,P19_4,7,600000,800000,7433,625598.0,633031.0,33031.0,Scheduled - Deadline Met,Yes,Yes,3600.2909939289093,60.00484989881515,9,8966.0,Gurobi Status: 9
F19,P19_5,7,800000,1000000,7433,866168.0,873601.0,73601.0,Scheduled - Deadline Met,Yes,Yes,3600.2909939289093,60.00484989881515,9,8966.0,Gurobi Status: 9
F19,P19_6,8,1000000,1200000,7433,1134026.0,1141459.0,141459.0,Scheduled - Deadline Met,Yes,Yes,3600.2909939289093,60.00484989881515,9,8966.0,Gurobi Status: 9
F19,P19_7,7,1200000,1400000,7433,1297368.0,1304801.0,104801.0,Scheduled - Deadline Met,Yes,Yes,3600.2909939289093,60.00484989881515,9,8966.0,Gurobi Status: 9
F19,P19_8,7,1400000,1600000,7433,1542902.0,1550335.0,150335.0,Scheduled - Deadline Met,Yes,Yes,3600.2909939289093,60.00484989881515,9,8966.0,Gurobi Status: 9
F19,P19_9,8,1600000,1800000,7433,,,,BE - Not Scheduled,No,N/A,3600.2909939289093,60.00484989881515,9,8966.0,Gurobi Status: 9
F19,P19_10,7,1800000,2000000,7433,1857861.0,1865294.0,65294.0,Scheduled - Deadline Met,Yes,Yes,3600.2909939289093,60.00484989881515,9,8966.0,Gurobi Status: 9
F19,P19_11,7,2000000,2200000,7433,2160237.0,2167670.0,167670.0,Scheduled - Deadline Met,Yes,Yes,3600.2909939289093,60.00484989881515,9,8966.0,Gurobi Status: 9
F19,P19_12,8,2200000,2400000,7433,2334026.0,2341459.0,141459.0,Scheduled - Deadline Met,Yes,Yes,3600.2909939289093,60.00484989881515,9,8966.0,Gurobi Status: 9
F2,P2_1,6,0,400000,600,88611.0,89211.0,89211.0,Scheduled - Deadline Met,Yes,Yes,3600.2909939289093,60.00484989881515,9,8966.0,Gurobi Status: 9
F2,P2_2,6,400000,800000,600,415120.0,415720.0,15720.0,Scheduled - Deadline Met,Yes,Yes,3600.2909939289093,60.00484989881515,9,8966.0,Gurobi Status: 9
F2,P2_3,8,800000,1200000,600,897069.0,897669.0,97669.0,Scheduled - Deadline Met,Yes,Yes,3600.2909939289093,60.00484989881515,9,8966.0,Gurobi Status: 9
F2,P2_4,6,1200000,1600000,600,1205523.0,1206123.0,6123.0,Scheduled - Deadline Met,Yes,Yes,3600.2909939289093,60.00484989881515,9,8966.0,Gurobi Status: 9
F2,P2_5,6,1600000,2000000,600,1697640.0,1698240.0,98240.0,Scheduled - Deadline Met,Yes,Yes,3600.2909939289093,60.00484989881515,9,8966.0,Gurobi Status: 9
F2,P2_6,8,2000000,2400000,600,2185596.0,2186196.0,186196.0,Scheduled - Deadline Met,Yes,Yes,3600.2909939289093,60.00484989881515,9,8966.0,Gurobi Status: 9
F20,P20_1,7,0,200000,2547,150245.0,152792.0,152792.0,Scheduled - Deadline Met,Yes,Yes,3600.2909939289093,60.00484989881515,9,8966.0,Gurobi Status: 9
F20,P20_2,7,200000,400000,2547,382087.0,384634.0,184634.0,Scheduled - Deadline Met,Yes,Yes,3600.2909939289093,60.00484989881515,9,8966.0,Gurobi Status: 9
F20,P20_3,8,400000,600000,2547,,,,BE - Not Scheduled,No,N/A,3600.2909939289093,60.00484989881515,9,8966.0,Gurobi Status: 9
F20,P20_4,7,600000,800000,2547,678219.0,680766.0,80766.0,Scheduled - Deadline Met,Yes,Yes,3600.2909939289093,60.00484989881515,9,8966.0,Gurobi Status: 9
F20,P20_5,7,800000,1000000,2547,948870.0,951417.0,151417.0,Scheduled - Deadline Met,Yes,Yes,3600.2909939289093,60.00484989881515,9,8966.0,Gurobi Status: 9
F20,P20_6,8,1000000,1200000,2547,1152049.0,1154596.0,154596.0,Scheduled - Deadline Met,Yes,Yes,3600.2909939289093,60.00484989881515,9,8966.0,Gurobi Status: 9
F20,P20_7,7,1200000,1400000,2547,1357358.0,1359905.0,159905.0,Scheduled - Deadline Met,Yes,Yes,3600.2909939289093,60.00484989881515,9,8966.0,Gurobi Status: 9
F20,P20_8,7,1400000,1600000,2547,1562005.0,1564552.0,164552.0,Scheduled - Deadline Met,Yes,Yes,3600.2909939289093,60.00484989881515,9,8966.0,Gurobi Status: 9
F20,P20_9,8,1600000,1800000,2547,1749240.0,1751787.0,151787.0,Scheduled - Deadline Met,Yes,Yes,3600.2909939289093,60.00484989881515,9,8966.0,Gurobi Status: 9
F20,P20_10,7,1800000,2000000,2547,1865390.0,1867937.0,67937.0,Scheduled - Deadline Met,Yes,Yes,3600.2909939289093,60.00484989881515,9,8966.0,Gurobi Status: 9
F20,P20_11,7,2000000,2200000,2547,2167766.0,2170313.0,170313.0,Scheduled - Deadline Met,Yes,Yes,3600.2909939289093,60.00484989881515,9,8966.0,Gurobi Status: 9
F20,P20_12,8,2200000,2400000,2547,2352049.0,2354596.0,154596.0,Scheduled - Deadline Met,Yes,Yes,3600.2909939289093,60.00484989881515,9,8966.0,Gurobi Status: 9
F21,P21_1,2,0,400000,600,356370.0,356970.0,356970.0,Scheduled - Deadline Met,Yes,Yes,3600.2909939289093,60.00484989881515,9,8966.0,Gurobi Status: 9
F21,P21_2,2,400000,800000,600,680862.0,681462.0,281462.0,Scheduled - Deadline Met,Yes,Yes,3600.2909939289093,60.00484989881515,9,8966.0,Gurobi Status: 9
F21,P21_3,8,800000,1200000,600,898461.0,899061.0,99061.0,Scheduled - Deadline Met,Yes,Yes,3600.2909939289093,60.00484989881515,9,8966.0,Gurobi Status: 9
F21,P21_4,2,1200000,1600000,600,1305415.0,1306015.0,106015.0,Scheduled - Deadline Met,Yes,Yes,3600.2909939289093,60.00484989881515,9,8966.0,Gurobi Status: 9
F21,P21_5,2,1600000,2000000,600,1696944.0,1697544.0,97544.0,Scheduled - Deadline Met,Yes,Yes,3600.2909939289093,60.00484989881515,9,8966.0,Gurobi Status: 9
F21,P21_6,8,2000000,2400000,600,2186988.0,2187588.0,187588.0,Scheduled - Deadline Met,Yes,Yes,3600.2909939289093,60.00484989881515,9,8966.0,Gurobi Status: 9
F22,P22_1,5,0,400000,988,180706.0,181694.0,181694.0,Scheduled - Deadline Met,Yes,Yes,3600.2909939289093,60.00484989881515,9,8966.0,Gurobi Status: 9
F22,P22_2,5,400000,800000,988,491091.0,492079.0,92079.0,Scheduled - Deadline Met,Yes,Yes,3600.2909939289093,60.00484989881515,9,8966.0,Gurobi Status: 9
F22,P22_3,8,800000,1200000,988,895289.0,896277.0,96277.0,Scheduled - Deadline Met,Yes,Yes,3600.2909939289093,60.00484989881515,9,8966.0,Gurobi Status: 9
F22,P22_4,5,1200000,1600000,988,1387864.0,1388852.0,188852.0,Scheduled - Deadline Met,Yes,Yes,3600.2909939289093,60.00484989881515,9,8966.0,Gurobi Status: 9
F22,P22_5,5,1600000,2000000,988,1824765.0,1825753.0,225753.0,Scheduled - Deadline Met,Yes,Yes,3600.2909939289093,60.00484989881515,9,8966.0,Gurobi Status: 9
F22,P22_6,8,2000000,2400000,988,2181037.0,2182025.0,182025.0,Scheduled - Deadline Met,Yes,Yes,3600.2909939289093,60.00484989881515,9,8966.0,Gurobi Status: 9
F23,P23_1,3,0,100000,9596,15745.0,25341.0,25341.0,Scheduled - Deadline Met,Yes,Yes,3600.2909939289093,60.00484989881515,9,8966.0,Gurobi Status: 9
F23,P23_2,3,100000,200000,9596,139441.0,149037.0,49037.0,Scheduled - Deadline Met,Yes,Yes,3600.2909939289093,60.00484989881515,9,8966.0,Gurobi Status: 9
F23,P23_3,8,200000,300000,9596,,,,BE - Not Scheduled,No,N/A,3600.2909939289093,60.00484989881515,9,8966.0,Gurobi Status: 9
F23,P23_4,3,300000,400000,9596,370584.0,380180.0,80180.0,Scheduled - Deadline Met,Yes,Yes,3600.2909939289093,60.00484989881515,9,8966.0,Gurobi Status: 9
F23,P23_5,3,400000,500000,9596,419619.0,429215.0,29215.0,Scheduled - Deadline Met,Yes,Yes,3600.2909939289093,60.00484989881515,9,8966.0,Gurobi Status: 9
F23,P23_6,8,500000,600000,9596,,,,BE - Not Scheduled,No,N/A,3600.2909939289093,60.00484989881515,9,8966.0,Gurobi Status: 9
F23,P23_7,3,600000,700000,9596,633127.0,642723.0,42723.0,Scheduled - Deadline Met,Yes,Yes,3600.2909939289093,60.00484989881515,9,8966.0,Gurobi Status: 9
F23,P23_8,3,700000,800000,9596,766471.0,776067.0,76067.0,Scheduled - Deadline Met,Yes,Yes,3600.2909939289093,60.00484989881515,9,8966.0,Gurobi Status: 9
F23,P23_9,8,800000,900000,9596,,,,BE - Not Scheduled,No,N/A,3600.2909939289093,60.00484989881515,9,8966.0,Gurobi Status: 9
F23,P23_10,3,900000,1000000,9596,970408.0,980004.0,80004.0,Scheduled - Deadline Met,Yes,Yes,3600.2909939289093,60.00484989881515,9,8966.0,Gurobi Status: 9
F23,P23_11,3,1000000,1100000,9596,1003803.0,1013399.0,13399.0,Scheduled - Deadline Met,Yes,Yes,3600.2909939289093,60.00484989881515,9,8966.0,Gurobi Status: 9
F23,P23_12,8,1100000,1200000,9596,1172410.0,1182006.0,82006.0,Scheduled - Deadline Met,Yes,Yes,3600.2909939289093,60.00484989881515,9,8966.0,Gurobi Status: 9
F23,P23_13,3,1200000,1300000,9596,1210022.0,1219618.0,19618.0,Scheduled - Deadline Met,Yes,Yes,3600.2909939289093,60.00484989881515,9,8966.0,Gurobi Status: 9
F23,P23_14,3,1300000,1400000,9596,1384790.0,1394386.0,94386.0,Scheduled - Deadline Met,Yes,Yes,3600.2909939289093,60.00484989881515,9,8966.0,Gurobi Status: 9
F23,P23_15,8,1400000,1500000,9596,1416204.0,1425800.0,25800.0,Scheduled - Deadline Met,Yes,Yes,3600.2909939289093,60.00484989881515,9,8966.0,Gurobi Status: 9
F23,P23_16,3,1500000,1600000,9596,1564648.0,1574244.0,74244.0,Scheduled - Deadline Met,Yes,Yes,3600.2909939289093,60.00484989881515,9,8966.0,Gurobi Status: 9
F23,P23_17,3,1600000,1700000,9596,1676238.0,1685834.0,85834.0,Scheduled - Deadline Met,Yes,Yes,3600.2909939289093,60.00484989881515,9,8966.0,Gurobi Status: 9
F23,P23_18,8,1700000,1800000,9596,1767148.0,1776744.0,76744.0,Scheduled - Deadline Met,Yes,Yes,3600.2909939289093,60.00484989881515,9,8966.0,Gurobi Status: 9
F23,P23_19,3,1800000,1900000,9596,1871836.0,1881432.0,81432.0,Scheduled - Deadline Met,Yes,Yes,3600.2909939289093,60.00484989881515,9,8966.0,Gurobi Status: 9
F23,P23_20,3,1900000,2000000,9596,1961729.0,1971325.0,71325.0,Scheduled - Deadline Met,Yes,Yes,3600.2909939289093,60.00484989881515,9,8966.0,Gurobi Status: 9
F23,P23_21,8,2000000,2100000,9596,,,,BE - Not Scheduled,No,N/A,3600.2909939289093,60.00484989881515,9,8966.0,Gurobi Status: 9
F23,P23_22,3,2100000,2200000,9596,2150545.0,2160141.0,60141.0,Scheduled - Deadline Met,Yes,Yes,3600.2909939289093,60.00484989881515,9,8966.0,Gurobi Status: 9
F23,P23_23,3,2200000,2300000,9596,2216087.0,2225683.0,25683.0,Scheduled - Deadline Met,Yes,Yes,3600.2909939289093,60.00484989881515,9,8966.0,Gurobi Status: 9
F23,P23_24,8,2300000,2400000,9596,2372410.0,2382006.0,82006.0,Scheduled - Deadline Met,Yes,Yes,3600.2909939289093,60.00484989881515,9,8966.0,Gurobi Status: 9
F24,P24_1,6,0,200000,2131,4742.0,6873.0,6873.0,Scheduled - Deadline Met,Yes,Yes,3600.2909939289093,60.00484989881515,9,8966.0,Gurobi Status: 9
F24,P24_2,6,200000,400000,2131,317049.0,319180.0,119180.0,Scheduled - Deadline Met,Yes,Yes,3600.2909939289093,60.00484989881515,9,8966.0,Gurobi Status: 9
F24,P24_3,8,400000,600000,2131,503208.0,505339.0,105339.0,Scheduled - Deadline Met,Yes,Yes,3600.2909939289093,60.00484989881515,9,8966.0,Gurobi Status: 9
F24,P24_4,6,600000,800000,2131,645176.0,647307.0,47307.0,Scheduled - Deadline Met,Yes,Yes,3600.2909939289093,60.00484989881515,9,8966.0,Gurobi Status: 9
F24,P24_5,6,800000,1000000,2131,873697.0,875828.0,75828.0,Scheduled - Deadline Met,Yes,Yes,3600.2909939289093,60.00484989881515,9,8966.0,Gurobi Status: 9
F24,P24_6,8,1000000,1200000,2131,1159502.0,1161633.0,161633.0,Scheduled - Deadline Met,Yes,Yes,3600.2909939289093,60.00484989881515,9,8966.0,Gurobi Status: 9
F24,P24_7,6,1200000,1400000,2131,1203296.0,1205427.0,5427.0,Scheduled - Deadline Met,Yes,Yes,3600.2909939289093,60.00484989881515,9,8966.0,Gurobi Status: 9
F24,P24_8,6,1400000,1600000,2131,1403296.0,1405427.0,5427.0,Scheduled - Deadline Met,Yes,Yes,3600.2909939289093,60.00484989881515,9,8966.0,Gurobi Status: 9
F24,P24_9,8,1600000,1800000,2131,1754240.0,1756371.0,156371.0,Scheduled - Deadline Met,Yes,Yes,3600.2909939289093,60.00484989881515,9,8966.0,Gurobi Status: 9
F24,P24_10,6,1800000,2000000,2131,1855634.0,1857765.0,57765.0,Scheduled - Deadline Met,Yes,Yes,3600.2909939289093,60.00484989881515,9,8966.0,Gurobi Status: 9
F24,P24_11,6,2000000,2200000,2131,2120549.0,2122680.0,122680.0,Scheduled - Deadline Met,Yes,Yes,3600.2909939289093,60.00484989881515,9,8966.0,Gurobi Status: 9
F24,P24_12,8,2200000,2400000,2131,2359502.0,2361633.0,161633.0,Scheduled - Deadline Met,Yes,Yes,3600.2909939289093,60.00484989881515,9,8966.0,Gurobi Status: 9
F25,P25_1,5,0,400000,6553,170983.0,177536.0,177536.0,Scheduled - Deadline Met,Yes,Yes,3600.2909939289093,60.00484989881515,9,8966.0,Gurobi Status: 9
F25,P25_2,8,400000,800000,6553,550990.0,557543.0,157543.0,Scheduled - Deadline Met,Yes,Yes,3600.2909939289093,60.00484989881515,9,8966.0,Gurobi Status: 9
F25,P25_3,5,800000,1200000,6553,970290.0,976843.0,176843.0,Scheduled - Deadline Met,Yes,Yes,3600.2909939289093,60.00484989881515,9,8966.0,Gurobi Status: 9
F25,P25_4,8,1200000,1600000,6553,,,,BE - Not Scheduled,No,N/A,3600.2909939289093,60.00484989881515,9,8966.0,Gurobi Status: 9
F25,P25_5,5,1600000,2000000,6553,1730509.0,1737062.0,137062.0,Scheduled - Deadline Met,Yes,Yes,3600.2909939289093,60.00484989881515,9,8966.0,Gurobi Status: 9
F25,P25_6,8,2000000,2400000,6553,2074624.0,2081177.0,81177.0,Scheduled - Deadline Met,Yes,Yes,3600.2909939289093,60.00484989881515,9,8966.0,Gurobi Status: 9
F26,P26_1,1,0,200000,7455,163432.0,170887.0,170887.0,Scheduled - Deadline Met,Yes,Yes,3600.2909939289093,60.00484989881515,9,8966.0,Gurobi Status: 9
F26,P26_2,8,200000,400000,7455,283124.0,290579.0,90579.0,Scheduled - Deadline Met,Yes,Yes,3600.2909939289093,60.00484989881515,9,8966.0,Gurobi Status: 9
F26,P26_3,1,400000,600000,7455,481160.0,488615.0,88615.0,Scheduled - Deadline Met,Yes,Yes,3600.2909939289093,60.00484989881515,9,8966.0,Gurobi Status: 9
F26,P26_4,8,600000,800000,7455,728947.0,736402.0,136402.0,Scheduled - Deadline Met,Yes,Yes,3600.2909939289093,60.00484989881515,9,8966.0,Gurobi Status: 9
F26,P26_5,1,800000,1000000,7455,980100.0,987555.0,187555.0,Scheduled - Deadline Met,Yes,Yes,3600.2909939289093,60.00484989881515,9,8966.0,Gurobi Status: 9
F26,P26_6,8,1000000,1200000,7455,1126475.0,1133930.0,133930.0,Scheduled - Deadline Met,Yes,Yes,3600.2909939289093,60.00484989881515,9,8966.0,Gurobi Status: 9
F26,P26_7,1,1200000,1400000,7455,1369673.0,1377128.0,177128.0,Scheduled - Deadline Met,Yes,Yes,3600.2909939289093,60.00484989881515,9,8966.0,Gurobi Status: 9
F26,P26_8,8,1400000,1600000,7455,1485078.0,1492533.0,92533.0,Scheduled - Deadline Met,Yes,Yes,3600.2909939289093,60.00484989881515,9,8966.0,Gurobi Status: 9
F26,P26_9,1,1600000,1800000,7455,1737158.0,1744613.0,144613.0,Scheduled - Deadline Met,Yes,Yes,3600.2909939289093,60.00484989881515,9,8966.0,Gurobi Status: 9
F26,P26_10,8,1800000,2000000,7455,1927804.0,1935259.0,135259.0,Scheduled - Deadline Met,Yes,Yes,3600.2909939289093,60.00484989881515,9,8966.0,Gurobi Status: 9
F26,P26_11,1,2000000,2200000,7455,2142994.0,2150449.0,150449.0,Scheduled - Deadline Met,Yes,Yes,3600.2909939289093,60.00484989881515,9,8966.0,Gurobi Status: 9
F26,P26_12,8,2200000,2400000,7455,2326475.0,2333930.0,133930.0,Scheduled - Deadline Met,Yes,Yes,3600.2909939289093,60.00484989881515,9,8966.0,Gurobi Status: 9
F27,P27_1,5,0,200000,2357,160979.0,163336.0,163336.0,Scheduled - Deadline Met,Yes,Yes,3600.2909939289093,60.00484989881515,9,8966.0,Gurobi Status: 9
F27,P27_2,8,200000,400000,2357,294750.0,297107.0,97107.0,Scheduled - Deadline Met,Yes,Yes,3600.2909939289093,60.00484989881515,9,8966.0,Gurobi Status: 9
F27,P27_3,5,400000,600000,2357,466900.0,469257.0,69257.0,Scheduled - Deadline Met,Yes,Yes,3600.2909939289093,60.00484989881515,9,8966.0,Gurobi Status: 9
F27,P27_4,8,600000,800000,2357,740573.0,742930.0,142930.0,Scheduled - Deadline Met,Yes,Yes,3600.2909939289093,60.00484989881515,9,8966.0,Gurobi Status: 9
F27,P27_5,5,800000,1000000,2357,878281.0,880638.0,80638.0,Scheduled - Deadline Met,Yes,Yes,3600.2909939289093,60.00484989881515,9,8966.0,Gurobi Status: 9
F27,P27_6,8,1000000,1200000,2357,1154692.0,1157049.0,157049.0,Scheduled - Deadline Met,Yes,Yes,3600.2909939289093,60.00484989881515,9,8966.0,Gurobi Status: 9
F27,P27_7,5,1200000,1400000,2357,1377224.0,1379581.0,179581.0,Scheduled - Deadline Met,Yes,Yes,3600.2909939289093,60.00484989881515,9,8966.0,Gurobi Status: 9
F27,P27_8,8,1400000,1600000,2357,1496704.0,1499061.0,99061.0,Scheduled - Deadline Met,Yes,Yes,3600.2909939289093,60.00484989881515,9,8966.0,Gurobi Status: 9
F27,P27_9,5,1600000,1800000,2357,1724377.0,1726734.0,126734.0,Scheduled - Deadline Met,Yes,Yes,3600.2909939289093,60.00484989881515,9,8966.0,Gurobi Status: 9
F27,P27_10,8,1800000,2000000,2357,1939430.0,1941787.0,141787.0,Scheduled - Deadline Met,Yes,Yes,3600.2909939289093,60.00484989881515,9,8966.0,Gurobi Status: 9
F27,P27_11,5,2000000,2200000,2357,2139839.0,2142196.0,142196.0,Scheduled - Deadline Met,Yes,Yes,3600.2909939289093,60.00484989881515,9,8966.0,Gurobi Status: 9
F27,P27_12,8,2200000,2400000,2357,2354692.0,2357049.0,157049.0,Scheduled - Deadline Met,Yes,Yes,3600.2909939289093,60.00484989881515,9,8966.0,Gurobi Status: 9
F28,P28_1,7,0,200000,8234,89307.0,97541.0,97541.0,Scheduled - Deadline Met,Yes,Yes,3600.2909939289093,60.00484989881515,9,8966.0,Gurobi Status: 9
F28,P28_2,8,200000,400000,8234,240416.0,248650.0,48650.0,Scheduled - Deadline Met,Yes,Yes,3600.2909939289093,60.00484989881515,9,8966.0,Gurobi Status: 9
F28,P28_3,7,400000,600000,8234,456759.0,464993.0,64993.0,Scheduled - Deadline Met,Yes,Yes,3600.2909939289093,60.00484989881515,9,8966.0,Gurobi Status: 9
F28,P28_4,8,600000,800000,8234,712640.0,720874.0,120874.0,Scheduled - Deadline Met,Yes,Yes,3600.2909939289093,60.00484989881515,9,8966.0,Gurobi Status: 9
F28,P28_5,7,800000,1000000,8234,841071.0,849305.0,49305.0,Scheduled - Deadline Met,Yes,Yes,3600.2909939289093,60.00484989881515,9,8966.0,Gurobi Status: 9
F28,P28_6,8,1000000,1200000,8234,1088171.0,1096405.0,96405.0,Scheduled - Deadline Met,Yes,Yes,3600.2909939289093,60.00484989881515,9,8966.0,Gurobi Status: 9
F28,P28_7,7,1200000,1400000,8234,1272271.0,1280505.0,80505.0,Scheduled - Deadline Met,Yes,Yes,3600.2909939289093,60.00484989881515,9,8966.0,Gurobi Status: 9
F28,P28_8,8,1400000,1600000,8234,1468771.0,1477005.0,77005.0,Scheduled - Deadline Met,Yes,Yes,3600.2909939289093,60.00484989881515,9,8966.0,Gurobi Status: 9
F28,P28_9,7,1600000,1800000,8234,1688614.0,1696848.0,96848.0,Scheduled - Deadline Met,Yes,Yes,3600.2909939289093,60.00484989881515,9,8966.0,Gurobi Status: 9
F28,P28_10,8,1800000,2000000,8234,1911497.0,1919731.0,119731.0,Scheduled - Deadline Met,Yes,Yes,3600.2909939289093,60.00484989881515,9,8966.0,Gurobi Status: 9
F28,P28_11,7,2000000,2200000,8234,2122776.0,2131010.0,131010.0,Scheduled - Deadline Met,Yes,Yes,3600.2909939289093,60.00484989881515,9,8966.0,Gurobi Status: 9
F28,P28_12,8,2200000,2400000,8234,2288512.0,2296746.0,96746.0,Scheduled - Deadline Met,Yes,Yes,3600.2909939289093,60.00484989881515,9,8966.0,Gurobi Status: 9
F29,P29_1,4,0,400000,6759,183182.0,189941.0,189941.0,Scheduled - Deadline Met,Yes,Yes,3600.2909939289093,60.00484989881515,9,8966.0,Gurobi Status: 9
F29,P29_2,8,400000,800000,6759,544135.0,550894.0,150894.0,Scheduled - Deadline Met,Yes,Yes,3600.2909939289093,60.00484989881515,9,8966.0,Gurobi Status: 9
F29,P29_3,4,800000,1200000,6759,991726.0,998485.0,198485.0,Scheduled - Deadline Met,Yes,Yes,3600.2909939289093,60.00484989881515,9,8966.0,Gurobi Status: 9
F29,P29_4,8,1200000,1600000,6759,,,,BE - Not Scheduled,No,N/A,3600.2909939289093,60.00484989881515,9,8966.0,Gurobi Status: 9
F29,P29_5,4,1600000,2000000,6759,1650462.0,1657221.0,57221.0,Scheduled - Deadline Met,Yes,Yes,3600.2909939289093,60.00484989881515,9,8966.0,Gurobi Status: 9
F29,P29_6,8,2000000,2400000,6759,,,,BE - Not Scheduled,No,N/A,3600.2909939289093,60.00484989881515,9,8966.0,Gurobi Status: 9
F3,P3_1,4,0,200000,6323,9326.0,15649.0,15649.0,Scheduled - Deadline Met,Yes,Yes,3600.2909939289093,60.00484989881515,9,8966.0,Gurobi Status: 9
F3,P3_2,4,200000,400000,6323,357066.0,363389.0,163389.0,Scheduled - Deadline Met,Yes,Yes,3600.2909939289093,60.00484989881515,9,8966.0,Gurobi Status: 9
F3,P3_3,8,400000,600000,6323,,,,BE - Not Scheduled,No,N/A,3600.2909939289093,60.00484989881515,9,8966.0,Gurobi Status: 9
F3,P3_4,4,600000,800000,6323,755310.0,761633.0,161633.0,Scheduled - Deadline Met,Yes,Yes,3600.2909939289093,60.00484989881515,9,8966.0,Gurobi Status: 9
F3,P3_5,4,800000,1000000,6323,961531.0,967854.0,167854.0,Scheduled - Deadline Met,Yes,Yes,3600.2909939289093,60.00484989881515,9,8966.0,Gurobi Status: 9
F3,P3_6,8,1000000,1200000,6323,1141555.0,1147878.0,147878.0,Scheduled - Deadline Met,Yes,Yes,3600.2909939289093,60.00484989881515,9,8966.0,Gurobi Status: 9
F3,P3_7,4,1200000,1400000,6323,1347162.0,1353485.0,153485.0,Scheduled - Deadline Met,Yes,Yes,3600.2909939289093,60.00484989881515,9,8966.0,Gurobi Status: 9
F3,P3_8,4,1400000,1600000,6323,1441044.0,1447367.0,47367.0,Scheduled - Deadline Met,Yes,Yes,3600.2909939289093,60.00484989881515,9,8966.0,Gurobi Status: 9
F3,P3_9,8,1600000,1800000,6323,,,,BE - Not Scheduled,No,N/A,3600.2909939289093,60.00484989881515,9,8966.0,Gurobi Status: 9
F3,P3_10,4,1800000,2000000,6323,1808328.0,1814651.0,14651.0,Scheduled - Deadline Met,Yes,Yes,3600.2909939289093,60.00484989881515,9,8966.0,Gurobi Status: 9
F3,P3_11,4,2000000,2200000,6323,2021035.0,2027358.0,27358.0,Scheduled - Deadline Met,Yes,Yes,3600.2909939289093,60.00484989881515,9,8966.0,Gurobi Status: 9
F3,P3_12,8,2200000,2400000,6323,2341555.0,2347878.0,147878.0,Scheduled - Deadline Met,Yes,Yes,3600.2909939289093,60.00484989881515,9,8966.0,Gurobi Status: 9
F30,P30_1,7,0,400000,7942,260787.0,268729.0,268729.0,Scheduled - Deadline Met,Yes,Yes,3600.2909939289093,60.00484989881515,9,8966.0,Gurobi Status: 9
F30,P30_2,8,400000,800000,7942,536097.0,544039.0,144039.0,Scheduled - Deadline Met,Yes,Yes,3600.2909939289093,60.00484989881515,9,8966.0,Gurobi Status: 9
F30,P30_3,7,800000,1200000,7942,1004554.0,1012496.0,212496.0,Scheduled - Deadline Met,Yes,Yes,3600.2909939289093,60.00484989881515,9,8966.0,Gurobi Status: 9
F30,P30_4,8,1200000,1600000,7942,,,,BE - Not Scheduled,No,N/A,3600.2909939289093,60.00484989881515,9,8966.0,Gurobi Status: 9
F30,P30_5,7,1600000,2000000,7942,1705004.0,1712946.0,112946.0,Scheduled - Deadline Met,Yes,Yes,3600.2909939289093,60.00484989881515,9,8966.0,Gurobi Status: 9
F30,P30_6,8,2000000,2400000,7942,2066586.0,2074528.0,74528.0,Scheduled - Deadline Met,Yes,Yes,3600.2909939289093,60.00484989881515,9,8966.0,Gurobi Status: 9
F31,P31_1,2,0,400000,9011,141138.0,150149.0,150149.0,Scheduled - Deadline Met,Yes,Yes,3600.2909939289093,60.00484989881515,9,8966.0,Gurobi Status: 9
F31,P31_2,8,400000,800000,9011,526990.0,536001.0,136001.0,Scheduled - Deadline Met,Yes,Yes,3600.2909939289093,60.00484989881515,9,8966.0,Gurobi Status: 9
F31,P31_3,2,800000,1200000,9011,1023081.0,1032092.0,232092.0,Scheduled - Deadline Met,Yes,Yes,3600.2909939289093,60.00484989881515,9,8966.0,Gurobi Status: 9
F31,P31_4,8,1200000,1600000,9011,,,,BE - Not Scheduled,No,N/A,3600.2909939289093,60.00484989881515,9,8966.0,Gurobi Status: 9
F31,P31_5,2,1600000,2000000,9011,1603803.0,1612814.0,12814.0,Scheduled - Deadline Met,Yes,Yes,3600.2909939289093,60.00484989881515,9,8966.0,Gurobi Status: 9
F31,P31_6,8,2000000,2400000,9011,,,,BE - Not Scheduled,No,N/A,3600.2909939289093,60.00484989881515,9,8966.0,Gurobi Status: 9
F32,P32_1,5,0,200000,7881,152888.0,160769.0,160769.0,Scheduled - Deadline Met,Yes,Yes,3600.2909939289093,60.00484989881515,9,8966.0,Gurobi Status: 9
F32,P32_2,8,200000,400000,7881,275147.0,283028.0,83028.0,Scheduled - Deadline Met,Yes,Yes,3600.2909939289093,60.00484989881515,9,8966.0,Gurobi Status: 9
F32,P32_3,5,400000,600000,7881,448782.0,456663.0,56663.0,Scheduled - Deadline Met,Yes,Yes,3600.2909939289093,60.00484989881515,9,8966.0,Gurobi Status: 9
F32,P32_4,8,600000,800000,7881,720970.0,728851.0,128851.0,Scheduled - Deadline Met,Yes,Yes,3600.2909939289093,60.00484989881515,9,8966.0,Gurobi Status: 9
F32,P32_5,5,800000,1000000,7881,858191.0,866072.0,66072.0,Scheduled - Deadline Met,Yes,Yes,3600.2909939289093,60.00484989881515,9,8966.0,Gurobi Status: 9
F32,P32_6,8,1000000,1200000,7881,1108785.0,1116666.0,116666.0,Scheduled - Deadline Met,Yes,Yes,3600.2909939289093,60.00484989881515,9,8966.0,Gurobi Status: 9
F32,P32_7,5,1200000,1400000,7881,1289391.0,1297272.0,97272.0,Scheduled - Deadline Met,Yes,Yes,3600.2909939289093,60.00484989881515,9,8966.0,Gurobi Status: 9
F32,P32_8,8,1400000,1600000,7881,1477101.0,1484982.0,84982.0,Scheduled - Deadline Met,Yes,Yes,3600.2909939289093,60.00484989881515,9,8966.0,Gurobi Status: 9
F32,P32_9,5,1600000,1800000,7881,1713042.0,1720923.0,120923.0,Scheduled - Deadline Met,Yes,Yes,3600.2909939289093,60.00484989881515,9,8966.0,Gurobi Status: 9
F32,P32_10,8,1800000,2000000,7881,1919827.0,1927708.0,127708.0,Scheduled - Deadline Met,Yes,Yes,3600.2909939289093,60.00484989881515,9,8966.0,Gurobi Status: 9
F32,P32_11,5,2000000,2200000,7881,2043806.0,2051687.0,51687.0,Scheduled - Deadline Met,Yes,Yes,3600.2909939289093,60.00484989881515,9,8966.0,Gurobi Status: 9
F32,P32_12,8,2200000,2400000,7881,2296842.0,2304723.0,104723.0,Scheduled - Deadline Met,Yes,Yes,3600.2909939289093,60.00484989881515,9,8966.0,Gurobi Status: 9
F33,P33_1,1,0,200000,3979,190037.0,194016.0,194016.0,Scheduled - Deadline Met,Yes,Yes,3600.2909939289093,60.00484989881515,9,8966.0,Gurobi Status: 9
F33,P33_2,8,200000,400000,3979,290675.0,294654.0,94654.0,Scheduled - Deadline Met,Yes,Yes,3600.2909939289093,60.00484989881515,9,8966.0,Gurobi Status: 9
F33,P33_3,1,400000,600000,3979,498366.0,502345.0,102345.0,Scheduled - Deadline Met,Yes,Yes,3600.2909939289093,60.00484989881515,9,8966.0,Gurobi Status: 9
F33,P33_4,8,600000,800000,3979,736498.0,740477.0,140477.0,Scheduled - Deadline Met,Yes,Yes,3600.2909939289093,60.00484989881515,9,8966.0,Gurobi Status: 9
F33,P33_5,1,800000,1000000,3979,987651.0,991630.0,191630.0,Scheduled - Deadline Met,Yes,Yes,3600.2909939289093,60.00484989881515,9,8966.0,Gurobi Status: 9
F33,P33_6,8,1000000,1200000,3979,1147974.0,1151953.0,151953.0,Scheduled - Deadline Met,Yes,Yes,3600.2909939289093,60.00484989881515,9,8966.0,Gurobi Status: 9
F33,P33_7,1,1200000,1400000,3979,1380715.0,1384694.0,184694.0,Scheduled - Deadline Met,Yes,Yes,3600.2909939289093,60.00484989881515,9,8966.0,Gurobi Status: 9
F33,P33_8,8,1400000,1600000,3979,1492629.0,1496608.0,96608.0,Scheduled - Deadline Met,Yes,Yes,3600.2909939289093,60.00484989881515,9,8966.0,Gurobi Status: 9
F33,P33_9,1,1600000,1800000,3979,1794738.0,1798717.0,198717.0,Scheduled - Deadline Met,Yes,Yes,3600.2909939289093,60.00484989881515,9,8966.0,Gurobi Status: 9
F33,P33_10,8,1800000,2000000,3979,1935355.0,1939334.0,139334.0,Scheduled - Deadline Met,Yes,Yes,3600.2909939289093,60.00484989881515,9,8966.0,Gurobi Status: 9
F33,P33_11,1,2000000,2200000,3979,2172220.0,2176199.0,176199.0,Scheduled - Deadline Met,Yes,Yes,3600.2909939289093,60.00484989881515,9,8966.0,Gurobi Status: 9
F33,P33_12,8,2200000,2400000,3979,2347974.0,2351953.0,151953.0,Scheduled - Deadline Met,Yes,Yes,3600.2909939289093,60.00484989881515,9,8966.0,Gurobi Status: 9
F34,P34_1,3,0,400000,9922,71410.0,81332.0,81332.0,Scheduled - Deadline Met,Yes,Yes,3600.2909939289093,60.00484989881515,9,8966.0,Gurobi Status: 9
F34,P34_2,8,400000,800000,9922,516972.0,526894.0,126894.0,Scheduled - Deadline Met,Yes,Yes,3600.2909939289093,60.00484989881515,9,8966.0,Gurobi Status: 9
F34,P34_3,3,800000,1200000,9922,951513.0,961435.0,161435.0,Scheduled - Deadline Met,Yes,Yes,3600.2909939289093,60.00484989881515,9,8966.0,Gurobi Status: 9
F34,P34_4,8,1200000,1600000,9922,,,,BE - Not Scheduled,No,N/A,3600.2909939289093,60.00484989881515,9,8966.0,Gurobi Status: 9
F34,P34_5,3,1600000,2000000,9922,1814747.0,1824669.0,224669.0,Scheduled - Deadline Met,Yes,Yes,3600.2909939289093,60.00484989881515,9,8966.0,Gurobi Status: 9
F34,P34_6,8,2000000,2400000,9922,,,,BE - Not Scheduled,No,N/A,3600.2909939289093,60.00484989881515,9,8966.0,Gurobi Status: 9
F35,P35_1,5,0,400000,600,182486.0,183086.0,183086.0,Scheduled - Deadline Met,Yes,Yes,3600.2909939289093,60.00484989881515,9,8966.0,Gurobi Status: 9
F35,P35_2,8,400000,800000,600,585969.0,586569.0,186569.0,Scheduled - Deadline Met,Yes,Yes,3600.2909939289093,60.00484989881515,9,8966.0,Gurobi Status: 9
F35,P35_3,5,800000,1200000,600,976939.0,977539.0,177539.0,Scheduled - Deadline Met,Yes,Yes,3600.2909939289093,60.00484989881515,9,8966.0,Gurobi Status: 9
F35,P35_4,8,1200000,1600000,600,1323501.0,1324101.0,124101.0,Scheduled - Deadline Met,Yes,Yes,3600.2909939289093,60.00484989881515,9,8966.0,Gurobi Status: 9
F35,P35_5,5,1600000,2000000,600,1826545.0,1827145.0,227145.0,Scheduled - Deadline Met,Yes,Yes,3600.2909939289093,60.00484989881515,9,8966.0,Gurobi Status: 9
F35,P35_6,8,2000000,2400000,600,2187684.0,2188284.0,188284.0,Scheduled - Deadline Met,Yes,Yes,3600.2909939289093,60.00484989881515,9,8966.0,Gurobi Status: 9
F36,P36_1,1,0,400000,6345,203443.0,209788.0,209788.0,Scheduled - Deadline Met,Yes,Yes,3600.2909939289093,60.00484989881515,9,8966.0,Gurobi Status: 9
F36,P36_2,8,400000,800000,6345,557639.0,563984.0,163984.0,Scheduled - Deadline Met,Yes,Yes,3600.2909939289093,60.00484989881515,9,8966.0,Gurobi Status: 9
F36,P36_3,1,800000,1200000,6345,1012592.0,1018937.0,218937.0,Scheduled - Deadline Met,Yes,Yes,3600.2909939289093,60.00484989881515,9,8966.0,Gurobi Status: 9
F36,P36_4,8,1200000,1600000,6345,1306111.0,1312456.0,112456.0,Scheduled - Deadline Met,Yes,Yes,3600.2909939289093,60.00484989881515,9,8966.0,Gurobi Status: 9
F36,P36_5,1,1600000,2000000,6345,1801887.0,1808232.0,208232.0,Scheduled - Deadline Met,Yes,Yes,3600.2909939289093,60.00484989881515,9,8966.0,Gurobi Status: 9
F36,P36_6,8,2000000,2400000,6345,2081273.0,2087618.0,87618.0,Scheduled - Deadline Met,Yes,Yes,3600.2909939289093,60.00484989881515,9,8966.0,Gurobi Status: 9
F37,P37_1,6,0,400000,11441,34810.0,46251.0,46251.0,Scheduled - Deadline Met,Yes,Yes,3600.2909939289093,60.00484989881515,9,8966.0,Gurobi Status: 9
F37,P37_2,8,400000,800000,11441,505435.0,516876.0,116876.0,Scheduled - Deadline Met,Yes,Yes,3600.2909939289093,60.00484989881515,9,8966.0,Gurobi Status: 9
F37,P37_3,6,800000,1200000,11441,922450.0,933891.0,133891.0,Scheduled - Deadline Met,Yes,Yes,3600.2909939289093,60.00484989881515,9,8966.0,Gurobi Status: 9
F37,P37_4,8,1200000,1600000,11441,,,,BE - Not Scheduled,No,N/A,3600.2909939289093,60.00484989881515,9,8966.0,Gurobi Status: 9
F37,P37_5,6,1600000,2000000,11441,1622285.0,1633726.0,33726.0,Scheduled - Deadline Met,Yes,Yes,3600.2909939289093,60.00484989881515,9,8966.0,Gurobi Status: 9
F37,P37_6,8,2000000,2400000,11441,,,,BE - Not Scheduled,No,N/A,3600.2909939289093,60.00484989881515,9,8966.0,Gurobi Status: 9
F38,P38_1,5,0,200000,8694,105166.0,113860.0,113860.0,Scheduled - Deadline Met,Yes,Yes,3600.2909939289093,60.00484989881515,9,8966.0,Gurobi Status: 9
F38,P38_2,8,200000,400000,8694,222893.0,231587.0,31587.0,Scheduled - Deadline Met,Yes,Yes,3600.2909939289093,60.00484989881515,9,8966.0,Gurobi Status: 9
F38,P38_3,5,400000,600000,8694,439992.0,448686.0,48686.0,Scheduled - Deadline Met,Yes,Yes,3600.2909939289093,60.00484989881515,9,8966.0,Gurobi Status: 9
F38,P38_4,8,600000,800000,8694,647403.0,656097.0,56097.0,Scheduled - Deadline Met,Yes,Yes,3600.2909939289093,60.00484989881515,9,8966.0,Gurobi Status: 9
F38,P38_5,5,800000,1000000,8694,849401.0,858095.0,58095.0,Scheduled - Deadline Met,Yes,Yes,3600.2909939289093,60.00484989881515,9,8966.0,Gurobi Status: 9
F38,P38_6,8,1000000,1200000,8694,1070648.0,1079342.0,79342.0,Scheduled - Deadline Met,Yes,Yes,3600.2909939289093,60.00484989881515,9,8966.0,Gurobi Status: 9
F38,P38_7,5,1200000,1400000,8694,1280601.0,1289295.0,89295.0,Scheduled - Deadline Met,Yes,Yes,3600.2909939289093,60.00484989881515,9,8966.0,Gurobi Status: 9
F38,P38_8,8,1400000,1600000,8694,1451248.0,1459942.0,59942.0,Scheduled - Deadline Met,Yes,Yes,3600.2909939289093,60.00484989881515,9,8966.0,Gurobi Status: 9
F38,P38_9,5,1600000,1800000,8694,1658715.0,1667409.0,67409.0,Scheduled - Deadline Met,Yes,Yes,3600.2909939289093,60.00484989881515,9,8966.0,Gurobi Status: 9
F38,P38_10,8,1800000,2000000,8694,1893974.0,1902668.0,102668.0,Scheduled - Deadline Met,Yes,Yes,3600.2909939289093,60.00484989881515,9,8966.0,Gurobi Status: 9
F38,P38_11,5,2000000,2200000,8694,2035016.0,2043710.0,43710.0,Scheduled - Deadline Met,Yes,Yes,3600.2909939289093,60.00484989881515,9,8966.0,Gurobi Status: 9
F38,P38_12,8,2200000,2400000,8694,2270989.0,2279683.0,79683.0,Scheduled - Deadline Met,Yes,Yes,3600.2909939289093,60.00484989881515,9,8966.0,Gurobi Status: 9
F39,P39_1,6,0,400000,4871,66443.0,71314.0,71314.0,Scheduled - Deadline Met,Yes,Yes,3600.2909939289093,60.00484989881515,9,8966.0,Gurobi Status: 9
F39,P39_2,8,400000,800000,4871,570053.0,574924.0,174924.0,Scheduled - Deadline Met,Yes,Yes,3600.2909939289093,60.00484989881515,9,8966.0,Gurobi Status: 9
F39,P39_3,6,800000,1200000,4871,942911.0,947782.0,147782.0,Scheduled - Deadline Met,Yes,Yes,3600.2909939289093,60.00484989881515,9,8966.0,Gurobi Status: 9
F39,P39_4,8,1200000,1600000,4871,,,,BE - Not Scheduled,No,N/A,3600.2909939289093,60.00484989881515,9,8966.0,Gurobi Status: 9
F39,P39_5,6,1600000,2000000,4871,1633822.0,1638693.0,38693.0,Scheduled - Deadline Met,Yes,Yes,3600.2909939289093,60.00484989881515,9,8966.0,Gurobi Status: 9
F39,P39_6,8,2000000,2400000,4871,2093687.0,2098558.0,98558.0,Scheduled - Deadline Met,Yes,Yes,3600.2909939289093,60.00484989881515,9,8966.0,Gurobi Status: 9
F4,P4_1,2,0,400000,6166,321656.0,327822.0,327822.0,Scheduled - Deadline Met,Yes,Yes,3600.2909939289093,60.00484989881515,9,8966.0,Gurobi Status: 9
F4,P4_2,2,400000,800000,6166,667538.0,673704.0,273704.0,Scheduled - Deadline Met,Yes,Yes,3600.2909939289093,60.00484989881515,9,8966.0,Gurobi Status: 9
F4,P4_3,8,800000,1200000,6166,,,,BE - Not Scheduled,No,N/A,3600.2909939289093,60.00484989881515,9,8966.0,Gurobi Status: 9
F4,P4_4,2,1200000,1600000,6166,1230940.0,1237106.0,37106.0,Scheduled - Deadline Met,Yes,Yes,3600.2909939289093,60.00484989881515,9,8966.0,Gurobi Status: 9
F4,P4_5,2,1600000,2000000,6166,1616023.0,1622189.0,22189.0,Scheduled - Deadline Met,Yes,Yes,3600.2909939289093,60.00484989881515,9,8966.0,Gurobi Status: 9
F4,P4_6,8,2000000,2400000,6166,,,,BE - Not Scheduled,No,N/A,3600.2909939289093,60.00484989881515,9,8966.0,Gurobi Status: 9
F40,P40_1,1,0,200000,8637,130708.0,139345.0,139345.0,Scheduled - Deadline Met,Yes,Yes,3600.2909939289093,60.00484989881515,9,8966.0,Gurobi Status: 9
F40,P40_2,8,200000,400000,8637,231683.0,240320.0,40320.0,Scheduled - Deadline Met,Yes,Yes,3600.2909939289093,60.00484989881515,9,8966.0,Gurobi Status: 9
F40,P40_3,1,400000,600000,8637,472427.0,481064.0,81064.0,Scheduled - Deadline Met,Yes,Yes,3600.2909939289093,60.00484989881515,9,8966.0,Gurobi Status: 9
F40,P40_4,8,600000,800000,8637,703907.0,712544.0,112544.0,Scheduled - Deadline Met,Yes,Yes,3600.2909939289093,60.00484989881515,9,8966.0,Gurobi Status: 9
F40,P40_5,1,800000,1000000,8637,933987.0,942624.0,142624.0,Scheduled - Deadline Met,Yes,Yes,3600.2909939289093,60.00484989881515,9,8966.0,Gurobi Status: 9
F40,P40_6,8,1000000,1200000,8637,1079438.0,1088075.0,88075.0,Scheduled - Deadline Met,Yes,Yes,3600.2909939289093,60.00484989881515,9,8966.0,Gurobi Status: 9
F40,P40_7,1,1200000,1400000,8637,1360940.0,1369577.0,169577.0,Scheduled - Deadline Met,Yes,Yes,3600.2909939289093,60.00484989881515,9,8966.0,Gurobi Status: 9
F40,P40_8,8,1400000,1600000,8637,1460038.0,1468675.0,68675.0,Scheduled - Deadline Met,Yes,Yes,3600.2909939289093,60.00484989881515,9,8966.0,Gurobi Status: 9
F40,P40_9,1,1600000,1800000,8637,1667505.0,1676142.0,76142.0,Scheduled - Deadline Met,Yes,Yes,3600.2909939289093,60.00484989881515,9,8966.0,Gurobi Status: 9
F40,P40_10,8,1800000,2000000,8637,1902764.0,1911401.0,111401.0,Scheduled - Deadline Met,Yes,Yes,3600.2909939289093,60.00484989881515,9,8966.0,Gurobi Status: 9
F40,P40_11,1,2000000,2200000,8637,2131106.0,2139743.0,139743.0,Scheduled - Deadline Met,Yes,Yes,3600.2909939289093,60.00484989881515,9,8966.0,Gurobi Status: 9
F40,P40_12,8,2200000,2400000,8637,2279779.0,2288416.0,88416.0,Scheduled - Deadline Met,Yes,Yes,3600.2909939289093,60.00484989881515,9,8966.0,Gurobi Status: 9
F41,P41_1,2,0,400000,777,327918.0,328695.0,328695.0,Scheduled - Deadline Met,Yes,Yes,3600.2909939289093,60.00484989881515,9,8966.0,Gurobi Status: 9
F41,P41_2,8,400000,800000,777,585096.0,585873.0,185873.0,Scheduled - Deadline Met,Yes,Yes,3600.2909939289093,60.00484989881515,9,8966.0,Gurobi Status: 9
F41,P41_3,2,800000,1200000,777,1060360.0,1061137.0,261137.0,Scheduled - Deadline Met,Yes,Yes,3600.2909939289093,60.00484989881515,9,8966.0,Gurobi Status: 9
F41,P41_4,8,1200000,1600000,777,1322628.0,1323405.0,123405.0,Scheduled - Deadline Met,Yes,Yes,3600.2909939289093,60.00484989881515,9,8966.0,Gurobi Status: 9
F41,P41_5,2,1600000,2000000,777,1685930.0,1686707.0,86707.0,Scheduled - Deadline Met,Yes,Yes,3600.2909939289093,60.00484989881515,9,8966.0,Gurobi Status: 9
F41,P41_6,8,2000000,2400000,777,2184027.0,2184804.0,184804.0,Scheduled - Deadline Met,Yes,Yes,3600.2909939289093,60.00484989881515,9,8966.0,Gurobi Status: 9
F42,P42_1,3,0,400000,2244,117733.0,119977.0,119977.0,Scheduled - Deadline Met,Yes,Yes,3600.2909939289093,60.00484989881515,9,8966.0,Gurobi Status: 9
F42,P42_2,8,400000,800000,2244,578699.0,580943.0,180943.0,Scheduled - Deadline Met,Yes,Yes,3600.2909939289093,60.00484989881515,9,8966.0,Gurobi Status: 9
F42,P42_3,3,800000,1200000,2244,967950.0,970194.0,170194.0,Scheduled - Deadline Met,Yes,Yes,3600.2909939289093,60.00484989881515,9,8966.0,Gurobi Status: 9
F42,P42_4,8,1200000,1600000,2244,1316231.0,1318475.0,118475.0,Scheduled - Deadline Met,Yes,Yes,3600.2909939289093,60.00484989881515,9,8966.0,Gurobi Status: 9
F42,P42_5,3,1600000,2000000,2244,1868033.0,1870277.0,270277.0,Scheduled - Deadline Met,Yes,Yes,3600.2909939289093,60.00484989881515,9,8966.0,Gurobi Status: 9
F42,P42_6,8,2000000,2400000,2244,2104713.0,2106957.0,106957.0,Scheduled - Deadline Met,Yes,Yes,3600.2909939289093,60.00484989881515,9,8966.0,Gurobi Status: 9
F43,P43_1,1,0,400000,818,214214.0,215032.0,215032.0,Scheduled - Deadline Met,Yes,Yes,3600.2909939289093,60.00484989881515,9,8966.0,Gurobi Status: 9
F43,P43_2,8,400000,800000,818,584182.0,585000.0,185000.0,Scheduled - Deadline Met,Yes,Yes,3600.2909939289093,60.00484989881515,9,8966.0,Gurobi Status: 9
F43,P43_3,1,800000,1200000,818,1022167.0,1022985.0,222985.0,Scheduled - Deadline Met,Yes,Yes,3600.2909939289093,60.00484989881515,9,8966.0,Gurobi Status: 9
F43,P43_4,8,1200000,1600000,818,1321714.0,1322532.0,122532.0,Scheduled - Deadline Met,Yes,Yes,3600.2909939289093,60.00484989881515,9,8966.0,Gurobi Status: 9
F43,P43_5,1,1600000,2000000,818,1840986.0,1841804.0,241804.0,Scheduled - Deadline Met,Yes,Yes,3600.2909939289093,60.00484989881515,9,8966.0,Gurobi Status: 9
F43,P43_6,8,2000000,2400000,818,2183113.0,2183931.0,183931.0,Scheduled - Deadline Met,Yes,Yes,3600.2909939289093,60.00484989881515,9,8966.0,Gurobi Status: 9
F44,P44_1,4,0,400000,5877,194112.0,199989.0,199989.0,Scheduled - Deadline Met,Yes,Yes,3600.2909939289093,60.00484989881515,9,8966.0,Gurobi Status: 9
F44,P44_2,8,400000,800000,5877,564080.0,569957.0,169957.0,Scheduled - Deadline Met,Yes,Yes,3600.2909939289093,60.00484989881515,9,8966.0,Gurobi Status: 9
F44,P44_3,4,800000,1200000,5877,998581.0,1004458.0,204458.0,Scheduled - Deadline Met,Yes,Yes,3600.2909939289093,60.00484989881515,9,8966.0,Gurobi Status: 9
F44,P44_4,8,1200000,1600000,5877,,,,BE - Not Scheduled,No,N/A,3600.2909939289093,60.00484989881515,9,8966.0,Gurobi Status: 9
F44,P44_5,4,1600000,2000000,5877,1699031.0,1704908.0,104908.0,Scheduled - Deadline Met,Yes,Yes,3600.2909939289093,60.00484989881515,9,8966.0,Gurobi Status: 9
F44,P44_6,8,2000000,2400000,5877,2087714.0,2093591.0,93591.0,Scheduled - Deadline Met,Yes,Yes,3600.2909939289093,60.00484989881515,9,8966.0,Gurobi Status: 9
F45,P45_1,1,0,100000,10585,55762.0,66347.0,66347.0,Scheduled - Deadline Met,Yes,Yes,3600.2909939289093,60.00484989881515,9,8966.0,Gurobi Status: 9
F45,P45_2,8,100000,200000,10585,,,,BE - Not Scheduled,No,N/A,3600.2909939289093,60.00484989881515,9,8966.0,Gurobi Status: 9
F45,P45_3,1,200000,300000,10585,260787.0,271372.0,71372.0,Scheduled - Deadline Met,Yes,Yes,3600.2909939289093,60.00484989881515,9,8966.0,Gurobi Status: 9
F45,P45_4,8,300000,400000,10585,384730.0,395315.0,95315.0,Scheduled - Deadline Met,Yes,Yes,3600.2909939289093,60.00484989881515,9,8966.0,Gurobi Status: 9
F45,P45_5,1,400000,500000,10585,429311.0,439896.0,39896.0,Scheduled - Deadline Met,Yes,Yes,3600.2909939289093,60.00484989881515,9,8966.0,Gurobi Status: 9
F45,P45_6,8,500000,600000,10585,586665.0,597250.0,97250.0,Scheduled - Deadline Met,Yes,Yes,3600.2909939289093,60.00484989881515,9,8966.0,Gurobi Status: 9
F45,P45_7,1,600000,700000,10585,667538.0,678123.0,78123.0,Scheduled - Deadline Met,Yes,Yes,3600.2909939289093,60.00484989881515,9,8966.0,Gurobi Status: 9
F45,P45_8,8,700000,800000,10585,777974.0,788559.0,88559.0,Scheduled - Deadline Met,Yes,Yes,3600.2909939289093,60.00484989881515,9,8966.0,Gurobi Status: 9
F45,P45_9,1,800000,900000,10585,800151.0,810736.0,10736.0,Scheduled - Deadline Met,Yes,Yes,3600.2909939289093,60.00484989881515,9,8966.0,Gurobi Status: 9
F45,P45_10,8,900000,1000000,10585,900424.0,911009.0,11009.0,Scheduled - Deadline Met,Yes,Yes,3600.2909939289093,60.00484989881515,9,8966.0,Gurobi Status: 9
F45,P45_11,1,1000000,1100000,10585,1023081.0,1033666.0,33666.0,Scheduled - Deadline Met,Yes,Yes,3600.2909939289093,60.00484989881515,9,8966.0,Gurobi Status: 9
F45,P45_12,8,1100000,1200000,10585,1161729.0,1172314.0,72314.0,Scheduled - Deadline Met,Yes,Yes,3600.2909939289093,60.00484989881515,9,8966.0,Gurobi Status: 9
F45,P45_13,1,1200000,1300000,10585,1244764.0,1255349.0,55349.0,Scheduled - Deadline Met,Yes,Yes,3600.2909939289093,60.00484989881515,9,8966.0,Gurobi Status: 9
F45,P45_14,8,1300000,1400000,10585,1325136.0,1335721.0,35721.0,Scheduled - Deadline Met,Yes,Yes,3600.2909939289093,60.00484989881515,9,8966.0,Gurobi Status: 9
F45,P45_15,1,1400000,1500000,10585,1405523.0,1416108.0,16108.0,Scheduled - Deadline Met,Yes,Yes,3600.2909939289093,60.00484989881515,9,8966.0,Gurobi Status: 9
F45,P45_16,8,1500000,1600000,10585,1500096.0,1510681.0,10681.0,Scheduled - Deadline Met,Yes,Yes,3600.2909939289093,60.00484989881515,9,8966.0,Gurobi Status: 9
F45,P45_17,1,1600000,1700000,10585,1638789.0,1649374.0,49374.0,Scheduled - Deadline Met,Yes,Yes,3600.2909939289093,60.00484989881515,9,8966.0,Gurobi Status: 9
F45,P45_18,8,1700000,1800000,10585,1756467.0,1767052.0,67052.0,Scheduled - Deadline Met,Yes,Yes,3600.2909939289093,60.00484989881515,9,8966.0,Gurobi Status: 9
F45,P45_19,1,1800000,1900000,10585,1842596.0,1853181.0,53181.0,Scheduled - Deadline Met,Yes,Yes,3600.2909939289093,60.00484989881515,9,8966.0,Gurobi Status: 9
F45,P45_20,8,1900000,2000000,10585,1971421.0,1982006.0,82006.0,Scheduled - Deadline Met,Yes,Yes,3600.2909939289093,60.00484989881515,9,8966.0,Gurobi Status: 9
F45,P45_21,1,2000000,2100000,10585,2010354.0,2020939.0,20939.0,Scheduled - Deadline Met,Yes,Yes,3600.2909939289093,60.00484989881515,9,8966.0,Gurobi Status: 9
F45,P45_22,8,2100000,2200000,10585,2189319.0,2199904.0,99904.0,Scheduled - Deadline Met,Yes,Yes,3600.2909939289093,60.00484989881515,9,8966.0,Gurobi Status: 9
F45,P45_23,1,2200000,2300000,10585,2227590.0,2238175.0,38175.0,Scheduled - Deadline Met,Yes,Yes,3600.2909939289093,60.00484989881515,9,8966.0,Gurobi Status: 9
F45,P45_24,8,2300000,2400000,10585,2361729.0,2372314.0,72314.0,Scheduled - Deadline Met,Yes,Yes,3600.2909939289093,60.00484989881515,9,8966.0,Gurobi Status: 9
F46,P46_1,4,0,400000,2055,215128.0,217183.0,217183.0,Scheduled - Deadline Met,Yes,Yes,3600.2909939289093,60.00484989881515,9,8966.0,Gurobi Status: 9
F46,P46_2,8,400000,800000,2055,581039.0,583094.0,183094.0,Scheduled - Deadline Met,Yes,Yes,3600.2909939289093,60.00484989881515,9,8966.0,Gurobi Status: 9
F46,P46_3,4,800000,1200000,2055,1020016.0,1022071.0,222071.0,Scheduled - Deadline Met,Yes,Yes,3600.2909939289093,60.00484989881515,9,8966.0,Gurobi Status: 9
F46,P46_4,8,1200000,1600000,2055,1318571.0,1320626.0,120626.0,Scheduled - Deadline Met,Yes,Yes,3600.2909939289093,60.00484989881515,9,8966.0,Gurobi Status: 9
F46,P46_5,4,1600000,2000000,2055,1747089.0,1749144.0,149144.0,Scheduled - Deadline Met,Yes,Yes,3600.2909939289093,60.00484989881515,9,8966.0,Gurobi Status: 9
F46,P46_6,8,2000000,2400000,2055,2107053.0,2109108.0,109108.0,Scheduled - Deadline Met,Yes,Yes,3600.2909939289093,60.00484989881515,9,8966.0,Gurobi Status: 9
F47,P47_1,7,0,400000,3583,271468.0,275051.0,275051.0,Scheduled - Deadline Met,Yes,Yes,3600.2909939289093,60.00484989881515,9,8966.0,Gurobi Status: 9
F47,P47_2,8,400000,800000,3583,575020.0,578603.0,178603.0,Scheduled - Deadline Met,Yes,Yes,3600.2909939289093,60.00484989881515,9,8966.0,Gurobi Status: 9
F47,P47_3,7,800000,1200000,3583,1056681.0,1060264.0,260264.0,Scheduled - Deadline Met,Yes,Yes,3600.2909939289093,60.00484989881515,9,8966.0,Gurobi Status: 9
F47,P47_4,8,1200000,1600000,3583,1312552.0,1316135.0,116135.0,Scheduled - Deadline Met,Yes,Yes,3600.2909939289093,60.00484989881515,9,8966.0,Gurobi Status: 9
F47,P47_5,7,1600000,2000000,3583,1726830.0,1730413.0,130413.0,Scheduled - Deadline Met,Yes,Yes,3600.2909939289093,60.00484989881515,9,8966.0,Gurobi Status: 9
F47,P47_6,8,2000000,2400000,3583,2098654.0,2102237.0,102237.0,Scheduled - Deadline Met,Yes,Yes,3600.2909939289093,60.00484989881515,9,8966.0,Gurobi Status: 9
F48,P48_1,6,0,400000,896,87619.0,88515.0,88515.0,Scheduled - Deadline Met,Yes,Yes,3600.2909939289093,60.00484989881515,9,8966.0,Gurobi Status: 9
F48,P48_2,8,400000,800000,896,583190.0,584086.0,184086.0,Scheduled - Deadline Met,Yes,Yes,3600.2909939289093,60.00484989881515,9,8966.0,Gurobi Status: 9
F48,P48_3,6,800000,1200000,896,947878.0,948774.0,148774.0,Scheduled - Deadline Met,Yes,Yes,3600.2909939289093,60.00484989881515,9,8966.0,Gurobi Status: 9
F48,P48_4,8,1200000,1600000,896,1320722.0,1321618.0,121618.0,Scheduled - Deadline Met,Yes,Yes,3600.2909939289093,60.00484989881515,9,8966.0,Gurobi Status: 9
F48,P48_5,6,1600000,2000000,896,1649470.0,1650366.0,50366.0,Scheduled - Deadline Met,Yes,Yes,3600.2909939289093,60.00484989881515,9,8966.0,Gurobi Status: 9
F48,P48_6,8,2000000,2400000,896,2182121.0,2183017.0,183017.0,Scheduled - Deadline Met,Yes,Yes,3600.2909939289093,60.00484989881515,9,8966.0,Gurobi Status: 9
F5,P5_1,6,0,50000,843,0.0,843.0,843.0,Scheduled - Deadline Met,Yes,Yes,3600.2909939289093,60.00484989881515,9,8966.0,Gurobi Status: 9
F5,P5_2,6,50000,100000,843,99157.0,100000.0,50000.0,Scheduled - Deadline Met,Yes,Yes,3600.2909939289093,60.00484989881515,9,8966.0,Gurobi Status: 9
F5,P5_3,8,100000,150000,843,,,,BE - Not Scheduled,No,N/A,3600.2909939289093,60.00484989881515,9,8966.0,Gurobi Status: 9
F5,P5_4,6,150000,200000,843,182486.0,183329.0,33329.0,Scheduled - Deadline Met,Yes,Yes,3600.2909939289093,60.00484989881515,9,8966.0,Gurobi Status: 9
F5,P5_5,6,200000,250000,843,204026.0,204869.0,4869.0,Scheduled - Deadline Met,Yes,Yes,3600.2909939289093,60.00484989881515,9,8966.0,Gurobi Status: 9
F5,P5_6,8,250000,300000,843,297203.0,298046.0,48046.0,Scheduled - Deadline Met,Yes,Yes,3600.2909939289093,60.00484989881515,9,8966.0,Gurobi Status: 9
F5,P5_7,6,300000,350000,843,349157.0,350000.0,50000.0,Scheduled - Deadline Met,Yes,Yes,3600.2909939289093,60.00484989881515,9,8966.0,Gurobi Status: 9
F5,P5_8,6,350000,400000,843,367288.0,368131.0,18131.0,Scheduled - Deadline Met,Yes,Yes,3600.2909939289093,60.00484989881515,9,8966.0,Gurobi Status: 9
F5,P5_9,8,400000,450000,843,400000.0,400843.0,843.0,Scheduled - Deadline Met,Yes,Yes,3600.2909939289093,60.00484989881515,9,8966.0,Gurobi Status: 9
F5,P5_10,6,450000,500000,843,499061.0,499904.0,49904.0,Scheduled - Deadline Met,Yes,Yes,3600.2909939289093,60.00484989881515,9,8966.0,Gurobi Status: 9
F5,P5_11,6,500000,550000,843,500000.0,500843.0,843.0,Scheduled - Deadline Met,Yes,Yes,3600.2909939289093,60.00484989881515,9,8966.0,Gurobi Status: 9
F5,P5_12,8,550000,600000,843,599157.0,600000.0,50000.0,Scheduled - Deadline Met,Yes,Yes,3600.2909939289093,60.00484989881515,9,8966.0,Gurobi Status: 9
F5,P5_13,6,600000,650000,843,611441.0,612284.0,12284.0,Scheduled - Deadline Met,Yes,Yes,3600.2909939289093,60.00484989881515,9,8966.0,Gurobi Status: 9
F5,P5_14,6,650000,700000,843,678219.0,679062.0,29062.0,Scheduled - Deadline Met,Yes,Yes,3600.2909939289093,60.00484989881515,9,8966.0,Gurobi Status: 9
F5,P5_15,8,700000,750000,843,743026.0,743869.0,43869.0,Scheduled - Deadline Met,Yes,Yes,3600.2909939289093,60.00484989881515,9,8966.0,Gurobi Status: 9
F5,P5_16,6,750000,800000,843,761729.0,762572.0,12572.0,Scheduled - Deadline Met,Yes,Yes,3600.2909939289093,60.00484989881515,9,8966.0,Gurobi Status: 9
F5,P5_17,6,800000,850000,843,829497.0,830340.0,30340.0,Scheduled - Deadline Met,Yes,Yes,3600.2909939289093,60.00484989881515,9,8966.0,Gurobi Status: 9
F5,P5_18,8,850000,900000,843,899157.0,900000.0,50000.0,Scheduled - Deadline Met,Yes,Yes,3600.2909939289093,60.00484989881515,9,8966.0,Gurobi Status: 9
F5,P5_19,6,900000,950000,843,949157.0,950000.0,50000.0,Scheduled - Deadline Met,Yes,Yes,3600.2909939289093,60.00484989881515,9,8966.0,Gurobi Status: 9
F5,P5_20,6,950000,1000000,843,991726.0,992569.0,42569.0,Scheduled - Deadline Met,Yes,Yes,3600.2909939289093,60.00484989881515,9,8966.0,Gurobi Status: 9
F5,P5_21,8,1000000,1050000,843,1033762.0,1034605.0,34605.0,Scheduled - Deadline Met,Yes,Yes,3600.2909939289093,60.00484989881515,9,8966.0,Gurobi Status: 9
F5,P5_22,6,1050000,1100000,843,1056681.0,1057524.0,7524.0,Scheduled - Deadline Met,Yes,Yes,3600.2909939289093,60.00484989881515,9,8966.0,Gurobi Status: 9
F5,P5_23,6,1100000,1150000,843,1107846.0,1108689.0,8689.0,Scheduled - Deadline Met,Yes,Yes,3600.2909939289093,60.00484989881515,9,8966.0,Gurobi Status: 9
F5,P5_24,8,1150000,1200000,843,1187716.0,1188559.0,38559.0,Scheduled - Deadline Met,Yes,Yes,3600.2909939289093,60.00484989881515,9,8966.0,Gurobi Status: 9
F5,P5_25,6,1200000,1250000,843,1202357.0,1203200.0,3200.0,Scheduled - Deadline Met,Yes,Yes,3600.2909939289093,60.00484989881515,9,8966.0,Gurobi Status: 9
F5,P5_26,6,1250000,1300000,843,1299157.0,1300000.0,50000.0,Scheduled - Deadline Met,Yes,Yes,3600.2909939289093,60.00484989881515,9,8966.0,Gurobi Status: 9
F5,P5_27,8,1300000,1350000,843,1324197.0,1325040.0,25040.0,Scheduled - Deadline Met,Yes,Yes,3600.2909939289093,60.00484989881515,9,8966.0,Gurobi Status: 9
F5,P5_28,6,1350000,1400000,843,1360001.0,1360844.0,10844.0,Scheduled - Deadline Met,Yes,Yes,3600.2909939289093,60.00484989881515,9,8966.0,Gurobi Status: 9
F5,P5_29,6,1400000,1450000,843,1400000.0,1400843.0,843.0,Scheduled - Deadline Met,Yes,Yes,3600.2909939289093,60.00484989881515,9,8966.0,Gurobi Status: 9
F5,P5_30,8,1450000,1500000,843,1499157.0,1500000.0,50000.0,Scheduled - Deadline Met,Yes,Yes,3600.2909939289093,60.00484989881515,9,8966.0,Gurobi Status: 9
F5,P5_31,6,1500000,1550000,843,1538160.0,1539003.0,39003.0,Scheduled - Deadline Met,Yes,Yes,3600.2909939289093,60.00484989881515,9,8966.0,Gurobi Status: 9
F5,P5_32,6,1550000,1600000,843,1550431.0,1551274.0,1274.0,Scheduled - Deadline Met,Yes,Yes,3600.2909939289093,60.00484989881515,9,8966.0,Gurobi Status: 9
F5,P5_33,8,1600000,1650000,843,,,,BE - Not Scheduled,No,N/A,3600.2909939289093,60.00484989881515,9,8966.0,Gurobi Status: 9
F5,P5_34,6,1650000,1700000,843,1698336.0,1699179.0,49179.0,Scheduled - Deadline Met,Yes,Yes,3600.2909939289093,60.00484989881515,9,8966.0,Gurobi Status: 9
F5,P5_35,6,1700000,1750000,843,1700000.0,1700843.0,843.0,Scheduled - Deadline Met,Yes,Yes,3600.2909939289093,60.00484989881515,9,8966.0,Gurobi Status: 9
F5,P5_36,8,1750000,1800000,843,1782454.0,1783297.0,33297.0,Scheduled - Deadline Met,Yes,Yes,3600.2909939289093,60.00484989881515,9,8966.0,Gurobi Status: 9
F5,P5_37,6,1800000,1850000,843,1830632.0,1831475.0,31475.0,Scheduled - Deadline Met,Yes,Yes,3600.2909939289093,60.00484989881515,9,8966.0,Gurobi Status: 9
F5,P5_38,6,1850000,1900000,843,1867094.0,1867937.0,17937.0,Scheduled - Deadline Met,Yes,Yes,3600.2909939289093,60.00484989881515,9,8966.0,Gurobi Status: 9
F5,P5_39,8,1900000,1950000,843,1941883.0,1942726.0,42726.0,Scheduled - Deadline Met,Yes,Yes,3600.2909939289093,60.00484989881515,9,8966.0,Gurobi Status: 9
F5,P5_40,6,1950000,2000000,843,1997250.0,1998093.0,48093.0,Scheduled - Deadline Met,Yes,Yes,3600.2909939289093,60.00484989881515,9,8966.0,Gurobi Status: 9
F5,P5_41,6,2000000,2050000,843,2000000.0,2000843.0,843.0,Scheduled - Deadline Met,Yes,Yes,3600.2909939289093,60.00484989881515,9,8966.0,Gurobi Status: 9
F5,P5_42,8,2050000,2100000,843,,,,BE - Not Scheduled,No,N/A,3600.2909939289093,60.00484989881515,9,8966.0,Gurobi Status: 9
F5,P5_43,6,2100000,2150000,843,2122776.0,2123619.0,23619.0,Scheduled - Deadline Met,Yes,Yes,3600.2909939289093,60.00484989881515,9,8966.0,Gurobi Status: 9
F5,P5_44,6,2150000,2200000,843,2176295.0,2177138.0,27138.0,Scheduled - Deadline Met,Yes,Yes,3600.2909939289093,60.00484989881515,9,8966.0,Gurobi Status: 9
F5,P5_45,8,2200000,2250000,843,2200000.0,2200843.0,843.0,Scheduled - Deadline Met,Yes,Yes,3600.2909939289093,60.00484989881515,9,8966.0,Gurobi Status: 9
F5,P5_46,6,2250000,2300000,843,2250000.0,2250843.0,843.0,Scheduled - Deadline Met,Yes,Yes,3600.2909939289093,60.00484989881515,9,8966.0,Gurobi Status: 9
F5,P5_47,6,2300000,2350000,843,2323726.0,2324569.0,24569.0,Scheduled - Deadline Met,Yes,Yes,3600.2909939289093,60.00484989881515,9,8966.0,Gurobi Status: 9
F5,P5_48,8,2350000,2400000,843,2387716.0,2388559.0,38559.0,Scheduled - Deadline Met,Yes,Yes,3600.2909939289093,60.00484989881515,9,8966.0,Gurobi Status: 9
F6,P6_1,1,0,400000,4234,209884.0,214118.0,214118.0,Scheduled - Deadline Met,Yes,Yes,3600.2909939289093,60.00484989881515,9,8966.0,Gurobi Status: 9
F6,P6_2,1,400000,800000,4234,636485.0,640719.0,240719.0,Scheduled - Deadline Met,Yes,Yes,3600.2909939289093,60.00484989881515,9,8966.0,Gurobi Status: 9
F6,P6_3,8,800000,1200000,4234,,,,BE - Not Scheduled,No,N/A,3600.2909939289093,60.00484989881515,9,8966.0,Gurobi Status: 9
F6,P6_4,1,1200000,1600000,4234,1389644.0,1393878.0,193878.0,Scheduled - Deadline Met,Yes,Yes,3600.2909939289093,60.00484989881515,9,8966.0,Gurobi Status: 9
F6,P6_5,1,1600000,2000000,4234,1827241.0,1831475.0,231475.0,Scheduled - Deadline Met,Yes,Yes,3600.2909939289093,60.00484989881515,9,8966.0,Gurobi Status: 9
F6,P6_6,8,2000000,2400000,4234,,,,BE - Not Scheduled,No,N/A,3600.2909939289093,60.00484989881515,9,8966.0,Gurobi Status: 9
F7,P7_1,3,0,200000,7466,27248.0,34714.0,34714.0,Scheduled - Deadline Met,Yes,Yes,3600.2909939289093,60.00484989881515,9,8966.0,Gurobi Status: 9
F7,P7_2,3,200000,400000,7466,309487.0,316953.0,116953.0,Scheduled - Deadline Met,Yes,Yes,3600.2909939289093,60.00484989881515,9,8966.0,Gurobi Status: 9
F7,P7_3,8,400000,600000,7466,,,,BE - Not Scheduled,No,N/A,3600.2909939289093,60.00484989881515,9,8966.0,Gurobi Status: 9
F7,P7_4,3,600000,800000,7466,685030.0,692496.0,92496.0,Scheduled - Deadline Met,Yes,Yes,3600.2909939289093,60.00484989881515,9,8966.0,Gurobi Status: 9
F7,P7_5,3,800000,1000000,7466,821935.0,829401.0,29401.0,Scheduled - Deadline Met,Yes,Yes,3600.2909939289093,60.00484989881515,9,8966.0,Gurobi Status: 9
F7,P7_6,8,1000000,1200000,7466,1118913.0,1126379.0,126379.0,Scheduled - Deadline Met,Yes,Yes,3600.2909939289093,60.00484989881515,9,8966.0,Gurobi Status: 9
F7,P7_7,3,1200000,1400000,7466,1237202.0,1244668.0,44668.0,Scheduled - Deadline Met,Yes,Yes,3600.2909939289093,60.00484989881515,9,8966.0,Gurobi Status: 9
F7,P7_8,3,1400000,1600000,7466,1531537.0,1539003.0,139003.0,Scheduled - Deadline Met,Yes,Yes,3600.2909939289093,60.00484989881515,9,8966.0,Gurobi Status: 9
F7,P7_9,8,1600000,1800000,7466,,,,BE - Not Scheduled,No,N/A,3600.2909939289093,60.00484989881515,9,8966.0,Gurobi Status: 9
F7,P7_10,3,1800000,2000000,7466,1954167.0,1961633.0,161633.0,Scheduled - Deadline Met,Yes,Yes,3600.2909939289093,60.00484989881515,9,8966.0,Gurobi Status: 9
F7,P7_11,3,2000000,2200000,7466,2027454.0,2034920.0,34920.0,Scheduled - Deadline Met,Yes,Yes,3600.2909939289093,60.00484989881515,9,8966.0,Gurobi Status: 9
F7,P7_12,8,2200000,2400000,7466,2304819.0,2312285.0,112285.0,Scheduled - Deadline Met,Yes,Yes,3600.2909939289093,60.00484989881515,9,8966.0,Gurobi Status: 9
F8,P8_1,3,0,400000,3681,113956.0,117637.0,117637.0,Scheduled - Deadline Met,Yes,Yes,3600.2909939289093,60.00484989881515,9,8966.0,Gurobi Status: 9
F8,P8_2,3,400000,800000,3681,612406.0,616087.0,216087.0,Scheduled - Deadline Met,Yes,Yes,3600.2909939289093,60.00484989881515,9,8966.0,Gurobi Status: 9
F8,P8_3,8,800000,1200000,3681,,,,BE - Not Scheduled,No,N/A,3600.2909939289093,60.00484989881515,9,8966.0,Gurobi Status: 9
F8,P8_4,3,1200000,1600000,3681,1353581.0,1357262.0,157262.0,Scheduled - Deadline Met,Yes,Yes,3600.2909939289093,60.00484989881515,9,8966.0,Gurobi Status: 9
F8,P8_5,3,1600000,2000000,3681,1848787.0,1852468.0,252468.0,Scheduled - Deadline Met,Yes,Yes,3600.2909939289093,60.00484989881515,9,8966.0,Gurobi Status: 9
F8,P8_6,8,2000000,2400000,3681,,,,BE - Not Scheduled,No,N/A,3600.2909939289093,60.00484989881515,9,8966.0,Gurobi Status: 9
F9,P9_1,7,0,200000,9319,46347.0,55666.0,55666.0,Scheduled - Deadline Met,Yes,Yes,3600.2909939289093,60.00484989881515,9,8966.0,Gurobi Status: 9
F9,P9_2,7,200000,400000,9319,328791.0,338110.0,138110.0,Scheduled - Deadline Met,Yes,Yes,3600.2909939289093,60.00484989881515,9,8966.0,Gurobi Status: 9
F9,P9_3,8,400000,600000,9319,,,,BE - Not Scheduled,No,N/A,3600.2909939289093,60.00484989881515,9,8966.0,Gurobi Status: 9
F9,P9_4,7,600000,800000,9319,616183.0,625502.0,25502.0,Scheduled - Deadline Met,Yes,Yes,3600.2909939289093,60.00484989881515,9,8966.0,Gurobi Status: 9
F9,P9_5,7,800000,1000000,9319,810832.0,820151.0,20151.0,Scheduled - Deadline Met,Yes,Yes,3600.2909939289093,60.00484989881515,9,8966.0,Gurobi Status: 9
F9,P9_6,8,1000000,1200000,9319,1061233.0,1070552.0,70552.0,Scheduled - Deadline Met,Yes,Yes,3600.2909939289093,60.00484989881515,9,8966.0,Gurobi Status: 9
F9,P9_7,7,1200000,1400000,9319,1221525.0,1230844.0,30844.0,Scheduled - Deadline Met,Yes,Yes,3600.2909939289093,60.00484989881515,9,8966.0,Gurobi Status: 9
F9,P9_8,7,1400000,1600000,9319,1522122.0,1531441.0,131441.0,Scheduled - Deadline Met,Yes,Yes,3600.2909939289093,60.00484989881515,9,8966.0,Gurobi Status: 9
F9,P9_9,8,1600000,1800000,9319,,,,BE - Not Scheduled,No,N/A,3600.2909939289093,60.00484989881515,9,8966.0,Gurobi Status: 9
F9,P9_10,7,1800000,2000000,9319,1831571.0,1840890.0,40890.0,Scheduled - Deadline Met,Yes,Yes,3600.2909939289093,60.00484989881515,9,8966.0,Gurobi Status: 9
F9,P9_11,7,2000000,2200000,9319,2000939.0,2010258.0,10258.0,Scheduled - Deadline Met,Yes,Yes,3600.2909939289093,60.00484989881515,9,8966.0,Gurobi Status: 9
F9,P9_12,8,2200000,2400000,9319,2261574.0,2270893.0,70893.0,Scheduled - Deadline Met,Yes,Yes,3600.2909939289093,60.00484989881515,9,8966.0,Gurobi Status: 9
