Flow,Packet,Class,Arrival,Deadline,Execution Time,Gate Open,Gate Close,Response Time,Status,Scheduled,Deadline Met,Solver_Execution_Time_Seconds,Solver_Execution_Time_Minutes,Solver_Status,Objective_Value,Stopping_Reason
F1,P1_1,2,0,400000,7416,55842.0,63258.0,63258.0,Scheduled - Deadline Met,Yes,Yes,3600.200015306473,60.003333588441215,9,145.0,Gurobi Status: 9
F1,P1_2,8,400000,800000,7416,553331.0,560747.0,160747.0,Scheduled - Deadline Met,Yes,Yes,3600.200015306473,60.003333588441215,9,145.0,Gurobi Status: 9
F1,P1_3,8,800000,1200000,7416,948096.0,955512.0,155512.0,Scheduled - Deadline Met,Yes,Yes,3600.200015306473,60.003333588441215,9,145.0,Gurobi Status: 9
F10,P10_1,6,0,400000,7729,112483.0,120212.0,120212.0,Scheduled - Deadline Met,Yes,Yes,3600.200015306473,60.003333588441215,9,145.0,Gurobi Status: 9
F10,P10_2,8,400000,800000,7729,545506.0,553235.0,153235.0,Scheduled - Deadline Met,Yes,Yes,3600.200015306473,60.003333588441215,9,145.0,Gurobi Status: 9
F10,P10_3,8,800000,1200000,7729,940271.0,948000.0,148000.0,Scheduled - Deadline Met,Yes,Yes,3600.200015306473,60.003333588441215,9,145.0,Gurobi Status: 9
F11,P11_1,2,0,400000,2390,160677.0,163067.0,163067.0,Scheduled - Deadline Met,Yes,Yes,3600.200015306473,60.003333588441215,9,145.0,Gurobi Status: 9
F11,P11_2,8,400000,800000,2390,647480.0,649870.0,249870.0,Scheduled - Deadline Met,Yes,Yes,3600.200015306473,60.003333588441215,9,145.0,Gurobi Status: 9
F11,P11_3,8,800000,1200000,2390,1028722.0,1031112.0,231112.0,Scheduled - Deadline Met,Yes,Yes,3600.200015306473,60.003333588441215,9,145.0,Gurobi Status: 9
F12,P12_1,4,0,50000,1221,3121.0,4342.0,4342.0,Scheduled - Deadline Met,Yes,Yes,3600.200015306473,60.003333588441215,9,145.0,Gurobi Status: 9
F12,P12_2,8,50000,100000,1221,98779.0,100000.0,50000.0,Scheduled - Deadline Met,Yes,Yes,3600.200015306473,60.003333588441215,9,145.0,Gurobi Status: 9
F12,P12_3,8,100000,150000,1221,100096.0,101317.0,1317.0,Scheduled - Deadline Met,Yes,Yes,3600.200015306473,60.003333588441215,9,145.0,Gurobi Status: 9
F12,P12_4,4,150000,200000,1221,180168.0,181389.0,31389.0,Scheduled - Deadline Met,Yes,Yes,3600.200015306473,60.003333588441215,9,145.0,Gurobi Status: 9
F12,P12_5,8,200000,250000,1221,200000.0,201221.0,1221.0,Scheduled - Deadline Met,Yes,Yes,3600.200015306473,60.003333588441215,9,145.0,Gurobi Status: 9
F12,P12_6,8,250000,300000,1221,285250.0,286471.0,36471.0,Scheduled - Deadline Met,Yes,Yes,3600.200015306473,60.003333588441215,9,145.0,Gurobi Status: 9
F12,P12_7,4,300000,350000,1221,311817.0,313038.0,13038.0,Scheduled - Deadline Met,Yes,Yes,3600.200015306473,60.003333588441215,9,145.0,Gurobi Status: 9
F12,P12_8,8,350000,400000,1221,398683.0,399904.0,49904.0,Scheduled - Deadline Met,Yes,Yes,3600.200015306473,60.003333588441215,9,145.0,Gurobi Status: 9
F12,P12_9,8,400000,450000,1221,400000.0,401221.0,1221.0,Scheduled - Deadline Met,Yes,Yes,3600.200015306473,60.003333588441215,9,145.0,Gurobi Status: 9
F12,P12_10,4,450000,500000,1221,466675.0,467896.0,17896.0,Scheduled - Deadline Met,Yes,Yes,3600.200015306473,60.003333588441215,9,145.0,Gurobi Status: 9
F12,P12_11,8,500000,550000,1221,,,,BE - Not Scheduled,No,N/A,3600.200015306473,60.003333588441215,9,145.0,Gurobi Status: 9
F12,P12_12,8,550000,600000,1221,,,,BE - Not Scheduled,No,N/A,3600.200015306473,60.003333588441215,9,145.0,Gurobi Status: 9
F12,P12_13,4,600000,650000,1221,621483.0,622704.0,22704.0,Scheduled - Deadline Met,Yes,Yes,3600.200015306473,60.003333588441215,9,145.0,Gurobi Status: 9
F12,P12_14,8,650000,700000,1221,698779.0,700000.0,50000.0,Scheduled - Deadline Met,Yes,Yes,3600.200015306473,60.003333588441215,9,145.0,Gurobi Status: 9
F12,P12_15,8,700000,750000,1221,700096.0,701317.0,1317.0,Scheduled - Deadline Met,Yes,Yes,3600.200015306473,60.003333588441215,9,145.0,Gurobi Status: 9
F12,P12_16,4,750000,800000,1221,789795.0,791016.0,41016.0,Scheduled - Deadline Met,Yes,Yes,3600.200015306473,60.003333588441215,9,145.0,Gurobi Status: 9
F12,P12_17,8,800000,850000,1221,800000.0,801221.0,1221.0,Scheduled - Deadline Met,Yes,Yes,3600.200015306473,60.003333588441215,9,145.0,Gurobi Status: 9
F12,P12_18,8,850000,900000,1221,,,,BE - Not Scheduled,No,N/A,3600.200015306473,60.003333588441215,9,145.0,Gurobi Status: 9
F12,P12_19,4,900000,950000,1221,917620.0,918841.0,18841.0,Scheduled - Deadline Met,Yes,Yes,3600.200015306473,60.003333588441215,9,145.0,Gurobi Status: 9
F12,P12_20,8,950000,1000000,1221,,,,BE - Not Scheduled,No,N/A,3600.200015306473,60.003333588441215,9,145.0,Gurobi Status: 9
F12,P12_21,8,1000000,1050000,1221,1048779.0,1050000.0,50000.0,Scheduled - Deadline Met,Yes,Yes,3600.200015306473,60.003333588441215,9,145.0,Gurobi Status: 9
F12,P12_22,4,1050000,1100000,1221,1076069.0,1077290.0,27290.0,Scheduled - Deadline Met,Yes,Yes,3600.200015306473,60.003333588441215,9,145.0,Gurobi Status: 9
F12,P12_23,8,1100000,1150000,1221,1148779.0,1150000.0,50000.0,Scheduled - Deadline Met,Yes,Yes,3600.200015306473,60.003333588441215,9,145.0,Gurobi Status: 9
F12,P12_24,8,1150000,1200000,1221,1187613.0,1188834.0,38834.0,Scheduled - Deadline Met,Yes,Yes,3600.200015306473,60.003333588441215,9,145.0,Gurobi Status: 9
F13,P13_1,2,0,400000,5113,146594.0,151707.0,151707.0,Scheduled - Deadline Met,Yes,Yes,3600.200015306473,60.003333588441215,9,145.0,Gurobi Status: 9
F13,P13_2,8,400000,800000,5113,600119.0,605232.0,205232.0,Scheduled - Deadline Met,Yes,Yes,3600.200015306473,60.003333588441215,9,145.0,Gurobi Status: 9
F13,P13_3,8,800000,1200000,5113,994884.0,999997.0,199997.0,Scheduled - Deadline Met,Yes,Yes,3600.200015306473,60.003333588441215,9,145.0,Gurobi Status: 9
F14,P14_1,3,0,400000,1889,1136.0,3025.0,3025.0,Scheduled - Deadline Met,Yes,Yes,3600.200015306473,60.003333588441215,9,145.0,Gurobi Status: 9
F14,P14_2,8,400000,800000,1889,659061.0,660950.0,260950.0,Scheduled - Deadline Met,Yes,Yes,3600.200015306473,60.003333588441215,9,145.0,Gurobi Status: 9
F14,P14_3,8,800000,1200000,1889,1035858.0,1037747.0,237747.0,Scheduled - Deadline Met,Yes,Yes,3600.200015306473,60.003333588441215,9,145.0,Gurobi Status: 9
F15,P15_1,5,0,400000,3492,319025.0,322517.0,322517.0,Scheduled - Deadline Met,Yes,Yes,3600.200015306473,60.003333588441215,9,145.0,Gurobi Status: 9
F15,P15_2,8,400000,800000,3492,631957.0,635449.0,235449.0,Scheduled - Deadline Met,Yes,Yes,3600.200015306473,60.003333588441215,9,145.0,Gurobi Status: 9
F15,P15_3,8,800000,1200000,3492,1013199.0,1016691.0,216691.0,Scheduled - Deadline Met,Yes,Yes,3600.200015306473,60.003333588441215,9,145.0,Gurobi Status: 9
F16,P16_1,5,0,200000,4079,135994.0,140073.0,140073.0,Scheduled - Deadline Met,Yes,Yes,3600.200015306473,60.003333588441215,9,145.0,Gurobi Status: 9
F16,P16_2,8,200000,400000,4079,268954.0,273033.0,73033.0,Scheduled - Deadline Met,Yes,Yes,3600.200015306473,60.003333588441215,9,145.0,Gurobi Status: 9
F16,P16_3,8,400000,600000,4079,481341.0,485420.0,85420.0,Scheduled - Deadline Met,Yes,Yes,3600.200015306473,60.003333588441215,9,145.0,Gurobi Status: 9
F16,P16_4,5,600000,800000,4079,769038.0,773117.0,173117.0,Scheduled - Deadline Met,Yes,Yes,3600.200015306473,60.003333588441215,9,145.0,Gurobi Status: 9
F16,P16_5,8,800000,1000000,4079,853821.0,857900.0,57900.0,Scheduled - Deadline Met,Yes,Yes,3600.200015306473,60.003333588441215,9,145.0,Gurobi Status: 9
F16,P16_6,8,1000000,1200000,4079,1132483.0,1136562.0,136562.0,Scheduled - Deadline Met,Yes,Yes,3600.200015306473,60.003333588441215,9,145.0,Gurobi Status: 9
F17,P17_1,7,0,400000,985,395142.0,396127.0,396127.0,Scheduled - Deadline Met,Yes,Yes,3600.200015306473,60.003333588441215,9,145.0,Gurobi Status: 9
F17,P17_2,8,400000,800000,985,668553.0,669538.0,269538.0,Scheduled - Deadline Met,Yes,Yes,3600.200015306473,60.003333588441215,9,145.0,Gurobi Status: 9
F17,P17_3,8,800000,1200000,985,1044368.0,1045353.0,245353.0,Scheduled - Deadline Met,Yes,Yes,3600.200015306473,60.003333588441215,9,145.0,Gurobi Status: 9
F18,P18_1,3,0,100000,1040,0.0,1040.0,1040.0,Scheduled - Deadline Met,Yes,Yes,3600.200015306473,60.003333588441215,9,145.0,Gurobi Status: 9
F18,P18_2,8,100000,200000,1040,198864.0,199904.0,99904.0,Scheduled - Deadline Met,Yes,Yes,3600.200015306473,60.003333588441215,9,145.0,Gurobi Status: 9
F18,P18_3,8,200000,300000,1040,218696.0,219736.0,19736.0,Scheduled - Deadline Met,Yes,Yes,3600.200015306473,60.003333588441215,9,145.0,Gurobi Status: 9
F18,P18_4,3,300000,400000,1040,365367.0,366407.0,66407.0,Scheduled - Deadline Met,Yes,Yes,3600.200015306473,60.003333588441215,9,145.0,Gurobi Status: 9
F18,P18_5,8,400000,500000,1040,418696.0,419736.0,19736.0,Scheduled - Deadline Met,Yes,Yes,3600.200015306473,60.003333588441215,9,145.0,Gurobi Status: 9
F18,P18_6,8,500000,600000,1040,,,,BE - Not Scheduled,No,N/A,3600.200015306473,60.003333588441215,9,145.0,Gurobi Status: 9
F18,P18_7,3,600000,700000,1040,622800.0,623840.0,23840.0,Scheduled - Deadline Met,Yes,Yes,3600.200015306473,60.003333588441215,9,145.0,Gurobi Status: 9
F18,P18_8,8,700000,800000,1040,718792.0,719832.0,19832.0,Scheduled - Deadline Met,Yes,Yes,3600.200015306473,60.003333588441215,9,145.0,Gurobi Status: 9
F18,P18_9,8,800000,900000,1040,818696.0,819736.0,19736.0,Scheduled - Deadline Met,Yes,Yes,3600.200015306473,60.003333588441215,9,145.0,Gurobi Status: 9
F18,P18_10,3,900000,1000000,1040,918937.0,919977.0,19977.0,Scheduled - Deadline Met,Yes,Yes,3600.200015306473,60.003333588441215,9,145.0,Gurobi Status: 9
F18,P18_11,8,1000000,1100000,1040,1079862.0,1080902.0,80902.0,Scheduled - Deadline Met,Yes,Yes,3600.200015306473,60.003333588441215,9,145.0,Gurobi Status: 9
F18,P18_12,8,1100000,1200000,1040,1186477.0,1187517.0,87517.0,Scheduled - Deadline Met,Yes,Yes,3600.200015306473,60.003333588441215,9,145.0,Gurobi Status: 9
F19,P19_1,4,0,400000,7265,128633.0,135898.0,135898.0,Scheduled - Deadline Met,Yes,Yes,3600.200015306473,60.003333588441215,9,145.0,Gurobi Status: 9
F19,P19_2,8,400000,800000,7265,568208.0,575473.0,175473.0,Scheduled - Deadline Met,Yes,Yes,3600.200015306473,60.003333588441215,9,145.0,Gurobi Status: 9
F19,P19_3,8,800000,1200000,7265,962973.0,970238.0,170238.0,Scheduled - Deadline Met,Yes,Yes,3600.200015306473,60.003333588441215,9,145.0,Gurobi Status: 9
F2,P2_1,1,0,400000,2244,368512.0,370756.0,370756.0,Scheduled - Deadline Met,Yes,Yes,3600.200015306473,60.003333588441215,9,145.0,Gurobi Status: 9
F2,P2_2,8,400000,800000,2244,649966.0,652210.0,252210.0,Scheduled - Deadline Met,Yes,Yes,3600.200015306473,60.003333588441215,9,145.0,Gurobi Status: 9
F2,P2_3,8,800000,1200000,2244,1031208.0,1033452.0,233452.0,Scheduled - Deadline Met,Yes,Yes,3600.200015306473,60.003333588441215,9,145.0,Gurobi Status: 9
F20,P20_1,7,0,200000,6712,69895.0,76607.0,76607.0,Scheduled - Deadline Met,Yes,Yes,3600.200015306473,60.003333588441215,9,145.0,Gurobi Status: 9
F20,P20_2,8,200000,400000,6712,255605.0,262317.0,62317.0,Scheduled - Deadline Met,Yes,Yes,3600.200015306473,60.003333588441215,9,145.0,Gurobi Status: 9
F20,P20_3,8,400000,600000,6712,467992.0,474704.0,74704.0,Scheduled - Deadline Met,Yes,Yes,3600.200015306473,60.003333588441215,9,145.0,Gurobi Status: 9
F20,P20_4,7,600000,800000,6712,773213.0,779925.0,179925.0,Scheduled - Deadline Met,Yes,Yes,3600.200015306473,60.003333588441215,9,145.0,Gurobi Status: 9
F20,P20_5,8,800000,1000000,6712,,,,BE - Not Scheduled,No,N/A,3600.200015306473,60.003333588441215,9,145.0,Gurobi Status: 9
F20,P20_6,8,1000000,1200000,6712,1119134.0,1125846.0,125846.0,Scheduled - Deadline Met,Yes,Yes,3600.200015306473,60.003333588441215,9,145.0,Gurobi Status: 9
F21,P21_1,2,0,400000,2820,157761.0,160581.0,160581.0,Scheduled - Deadline Met,Yes,Yes,3600.200015306473,60.003333588441215,9,145.0,Gurobi Status: 9
F21,P21_2,8,400000,800000,2820,641944.0,644764.0,244764.0,Scheduled - Deadline Met,Yes,Yes,3600.200015306473,60.003333588441215,9,145.0,Gurobi Status: 9
F21,P21_3,8,800000,1200000,2820,1023186.0,1026006.0,226006.0,Scheduled - Deadline Met,Yes,Yes,3600.200015306473,60.003333588441215,9,145.0,Gurobi Status: 9
F22,P22_1,3,0,400000,600,18466.0,19066.0,19066.0,Scheduled - Deadline Met,Yes,Yes,3600.200015306473,60.003333588441215,9,145.0,Gurobi Status: 9
F22,P22_2,8,400000,800000,600,669634.0,670234.0,270234.0,Scheduled - Deadline Met,Yes,Yes,3600.200015306473,60.003333588441215,9,145.0,Gurobi Status: 9
F22,P22_3,8,800000,1200000,600,1045449.0,1046049.0,246049.0,Scheduled - Deadline Met,Yes,Yes,3600.200015306473,60.003333588441215,9,145.0,Gurobi Status: 9
F23,P23_1,5,0,200000,9561,87659.0,97220.0,97220.0,Scheduled - Deadline Met,Yes,Yes,3600.200015306473,60.003333588441215,9,145.0,Gurobi Status: 9
F23,P23_2,8,200000,400000,9561,219832.0,229393.0,29393.0,Scheduled - Deadline Met,Yes,Yes,3600.200015306473,60.003333588441215,9,145.0,Gurobi Status: 9
F23,P23_3,8,400000,600000,9561,419832.0,429393.0,29393.0,Scheduled - Deadline Met,Yes,Yes,3600.200015306473,60.003333588441215,9,145.0,Gurobi Status: 9
F23,P23_4,5,600000,800000,9561,748789.0,758350.0,158350.0,Scheduled - Deadline Met,Yes,Yes,3600.200015306473,60.003333588441215,9,145.0,Gurobi Status: 9
F23,P23_5,8,800000,1000000,9561,819832.0,829393.0,29393.0,Scheduled - Deadline Met,Yes,Yes,3600.200015306473,60.003333588441215,9,145.0,Gurobi Status: 9
F23,P23_6,8,1000000,1200000,9561,1080998.0,1090559.0,90559.0,Scheduled - Deadline Met,Yes,Yes,3600.200015306473,60.003333588441215,9,145.0,Gurobi Status: 9
F24,P24_1,7,0,400000,3158,389987.0,393145.0,393145.0,Scheduled - Deadline Met,Yes,Yes,3600.200015306473,60.003333588441215,9,145.0,Gurobi Status: 9
F24,P24_2,8,400000,800000,3158,635545.0,638703.0,238703.0,Scheduled - Deadline Met,Yes,Yes,3600.200015306473,60.003333588441215,9,145.0,Gurobi Status: 9
F24,P24_3,8,800000,1200000,3158,1016787.0,1019945.0,219945.0,Scheduled - Deadline Met,Yes,Yes,3600.200015306473,60.003333588441215,9,145.0,Gurobi Status: 9
F25,P25_1,5,0,400000,11166,307763.0,318929.0,318929.0,Scheduled - Deadline Met,Yes,Yes,3600.200015306473,60.003333588441215,9,145.0,Gurobi Status: 9
F25,P25_2,8,400000,800000,11166,497637.0,508803.0,108803.0,Scheduled - Deadline Met,Yes,Yes,3600.200015306473,60.003333588441215,9,145.0,Gurobi Status: 9
F25,P25_3,8,800000,1200000,11166,,,,BE - Not Scheduled,No,N/A,3600.200015306473,60.003333588441215,9,145.0,Gurobi Status: 9
F26,P26_1,6,0,400000,7243,325723.0,332966.0,332966.0,Scheduled - Deadline Met,Yes,Yes,3600.200015306473,60.003333588441215,9,145.0,Gurobi Status: 9
F26,P26_2,8,400000,800000,7243,575569.0,582812.0,182812.0,Scheduled - Deadline Met,Yes,Yes,3600.200015306473,60.003333588441215,9,145.0,Gurobi Status: 9
F26,P26_3,8,800000,1200000,7243,970334.0,977577.0,177577.0,Scheduled - Deadline Met,Yes,Yes,3600.200015306473,60.003333588441215,9,145.0,Gurobi Status: 9
F27,P27_1,7,0,200000,9229,36335.0,45564.0,45564.0,Scheduled - Deadline Met,Yes,Yes,3600.200015306473,60.003333588441215,9,145.0,Gurobi Status: 9
F27,P27_2,8,200000,400000,9229,229489.0,238718.0,38718.0,Scheduled - Deadline Met,Yes,Yes,3600.200015306473,60.003333588441215,9,145.0,Gurobi Status: 9
F27,P27_3,8,400000,600000,9229,429489.0,438718.0,38718.0,Scheduled - Deadline Met,Yes,Yes,3600.200015306473,60.003333588441215,9,145.0,Gurobi Status: 9
F27,P27_4,7,600000,800000,9229,730998.0,740227.0,140227.0,Scheduled - Deadline Met,Yes,Yes,3600.200015306473,60.003333588441215,9,145.0,Gurobi Status: 9
F27,P27_5,8,800000,1000000,9229,829489.0,838718.0,38718.0,Scheduled - Deadline Met,Yes,Yes,3600.200015306473,60.003333588441215,9,145.0,Gurobi Status: 9
F27,P27_6,8,1000000,1200000,9229,1093018.0,1102247.0,102247.0,Scheduled - Deadline Met,Yes,Yes,3600.200015306473,60.003333588441215,9,145.0,Gurobi Status: 9
F28,P28_1,5,0,400000,1673,322613.0,324286.0,324286.0,Scheduled - Deadline Met,Yes,Yes,3600.200015306473,60.003333588441215,9,145.0,Gurobi Status: 9
F28,P28_2,8,400000,800000,1673,663929.0,665602.0,265602.0,Scheduled - Deadline Met,Yes,Yes,3600.200015306473,60.003333588441215,9,145.0,Gurobi Status: 9
F28,P28_3,8,800000,1200000,1673,1039744.0,1041417.0,241417.0,Scheduled - Deadline Met,Yes,Yes,3600.200015306473,60.003333588441215,9,145.0,Gurobi Status: 9
F29,P29_1,4,0,200000,6445,63354.0,69799.0,69799.0,Scheduled - Deadline Met,Yes,Yes,3600.200015306473,60.003333588441215,9,145.0,Gurobi Status: 9
F29,P29_2,8,200000,400000,6445,262413.0,268858.0,68858.0,Scheduled - Deadline Met,Yes,Yes,3600.200015306473,60.003333588441215,9,145.0,Gurobi Status: 9
F29,P29_3,8,400000,600000,6445,474800.0,481245.0,81245.0,Scheduled - Deadline Met,Yes,Yes,3600.200015306473,60.003333588441215,9,145.0,Gurobi Status: 9
F29,P29_4,4,600000,800000,6445,780021.0,786466.0,186466.0,Scheduled - Deadline Met,Yes,Yes,3600.200015306473,60.003333588441215,9,145.0,Gurobi Status: 9
F29,P29_5,8,800000,1000000,6445,847280.0,853725.0,53725.0,Scheduled - Deadline Met,Yes,Yes,3600.200015306473,60.003333588441215,9,145.0,Gurobi Status: 9
F29,P29_6,8,1000000,1200000,6445,1125942.0,1132387.0,132387.0,Scheduled - Deadline Met,Yes,Yes,3600.200015306473,60.003333588441215,9,145.0,Gurobi Status: 9
F3,P3_1,5,0,400000,1245,324382.0,325627.0,325627.0,Scheduled - Deadline Met,Yes,Yes,3600.200015306473,60.003333588441215,9,145.0,Gurobi Status: 9
F3,P3_2,8,400000,800000,1245,667212.0,668457.0,268457.0,Scheduled - Deadline Met,Yes,Yes,3600.200015306473,60.003333588441215,9,145.0,Gurobi Status: 9
F3,P3_3,8,800000,1200000,1245,1043027.0,1044272.0,244272.0,Scheduled - Deadline Met,Yes,Yes,3600.200015306473,60.003333588441215,9,145.0,Gurobi Status: 9
F30,P30_1,5,0,100000,2380,15990.0,18370.0,18370.0,Scheduled - Deadline Met,Yes,Yes,3600.200015306473,60.003333588441215,9,145.0,Gurobi Status: 9
F30,P30_2,8,100000,200000,2380,196388.0,198768.0,98768.0,Scheduled - Deadline Met,Yes,Yes,3600.200015306473,60.003333588441215,9,145.0,Gurobi Status: 9
F30,P30_3,8,200000,300000,2380,216220.0,218600.0,18600.0,Scheduled - Deadline Met,Yes,Yes,3600.200015306473,60.003333588441215,9,145.0,Gurobi Status: 9
F30,P30_4,5,300000,400000,2380,385201.0,387581.0,87581.0,Scheduled - Deadline Met,Yes,Yes,3600.200015306473,60.003333588441215,9,145.0,Gurobi Status: 9
F30,P30_5,8,400000,500000,2380,416220.0,418600.0,18600.0,Scheduled - Deadline Met,Yes,Yes,3600.200015306473,60.003333588441215,9,145.0,Gurobi Status: 9
F30,P30_6,8,500000,600000,2380,,,,BE - Not Scheduled,No,N/A,3600.200015306473,60.003333588441215,9,145.0,Gurobi Status: 9
F30,P30_7,5,600000,700000,2380,689719.0,692099.0,92099.0,Scheduled - Deadline Met,Yes,Yes,3600.200015306473,60.003333588441215,9,145.0,Gurobi Status: 9
F30,P30_8,8,700000,800000,2380,716316.0,718696.0,18696.0,Scheduled - Deadline Met,Yes,Yes,3600.200015306473,60.003333588441215,9,145.0,Gurobi Status: 9
F30,P30_9,8,800000,900000,2380,816220.0,818600.0,18600.0,Scheduled - Deadline Met,Yes,Yes,3600.200015306473,60.003333588441215,9,145.0,Gurobi Status: 9
F30,P30_10,5,900000,1000000,2380,922718.0,925098.0,25098.0,Scheduled - Deadline Met,Yes,Yes,3600.200015306473,60.003333588441215,9,145.0,Gurobi Status: 9
F30,P30_11,8,1000000,1100000,2380,1077386.0,1079766.0,79766.0,Scheduled - Deadline Met,Yes,Yes,3600.200015306473,60.003333588441215,9,145.0,Gurobi Status: 9
F30,P30_12,8,1100000,1200000,2380,1184001.0,1186381.0,86381.0,Scheduled - Deadline Met,Yes,Yes,3600.200015306473,60.003333588441215,9,145.0,Gurobi Status: 9
F31,P31_1,7,0,400000,7269,341861.0,349130.0,349130.0,Scheduled - Deadline Met,Yes,Yes,3600.200015306473,60.003333588441215,9,145.0,Gurobi Status: 9
F31,P31_2,8,400000,800000,7269,560843.0,568112.0,168112.0,Scheduled - Deadline Met,Yes,Yes,3600.200015306473,60.003333588441215,9,145.0,Gurobi Status: 9
F31,P31_3,8,800000,1200000,7269,955608.0,962877.0,162877.0,Scheduled - Deadline Met,Yes,Yes,3600.200015306473,60.003333588441215,9,145.0,Gurobi Status: 9
F32,P32_1,6,0,400000,3506,361765.0,365271.0,365271.0,Scheduled - Deadline Met,Yes,Yes,3600.200015306473,60.003333588441215,9,145.0,Gurobi Status: 9
F32,P32_2,8,400000,800000,3506,628355.0,631861.0,231861.0,Scheduled - Deadline Met,Yes,Yes,3600.200015306473,60.003333588441215,9,145.0,Gurobi Status: 9
F32,P32_3,8,800000,1200000,3506,1009597.0,1013103.0,213103.0,Scheduled - Deadline Met,Yes,Yes,3600.200015306473,60.003333588441215,9,145.0,Gurobi Status: 9
F33,P33_1,6,0,400000,2214,387677.0,389891.0,389891.0,Scheduled - Deadline Met,Yes,Yes,3600.200015306473,60.003333588441215,9,145.0,Gurobi Status: 9
F33,P33_2,8,400000,800000,2214,652306.0,654520.0,254520.0,Scheduled - Deadline Met,Yes,Yes,3600.200015306473,60.003333588441215,9,145.0,Gurobi Status: 9
F33,P33_3,8,800000,1200000,2214,1033548.0,1035762.0,235762.0,Scheduled - Deadline Met,Yes,Yes,3600.200015306473,60.003333588441215,9,145.0,Gurobi Status: 9
F34,P34_1,5,0,200000,3498,140169.0,143667.0,143667.0,Scheduled - Deadline Met,Yes,Yes,3600.200015306473,60.003333588441215,9,145.0,Gurobi Status: 9
F34,P34_2,8,200000,400000,3498,273129.0,276627.0,76627.0,Scheduled - Deadline Met,Yes,Yes,3600.200015306473,60.003333588441215,9,145.0,Gurobi Status: 9
F34,P34_3,8,400000,600000,3498,485516.0,489014.0,89014.0,Scheduled - Deadline Met,Yes,Yes,3600.200015306473,60.003333588441215,9,145.0,Gurobi Status: 9
F34,P34_4,5,600000,800000,3498,793575.0,797073.0,197073.0,Scheduled - Deadline Met,Yes,Yes,3600.200015306473,60.003333588441215,9,145.0,Gurobi Status: 9
F34,P34_5,8,800000,1000000,3498,857996.0,861494.0,61494.0,Scheduled - Deadline Met,Yes,Yes,3600.200015306473,60.003333588441215,9,145.0,Gurobi Status: 9
F34,P34_6,8,1000000,1200000,3498,1136658.0,1140156.0,140156.0,Scheduled - Deadline Met,Yes,Yes,3600.200015306473,60.003333588441215,9,145.0,Gurobi Status: 9
F35,P35_1,7,0,400000,8703,333062.0,341765.0,341765.0,Scheduled - Deadline Met,Yes,Yes,3600.200015306473,60.003333588441215,9,145.0,Gurobi Status: 9
F35,P35_2,8,400000,800000,8703,528214.0,536917.0,136917.0,Scheduled - Deadline Met,Yes,Yes,3600.200015306473,60.003333588441215,9,145.0,Gurobi Status: 9
F35,P35_3,8,800000,1200000,8703,889432.0,898135.0,98135.0,Scheduled - Deadline Met,Yes,Yes,3600.200015306473,60.003333588441215,9,145.0,Gurobi Status: 9
F36,P36_1,7,0,400000,5934,370852.0,376786.0,376786.0,Scheduled - Deadline Met,Yes,Yes,3600.200015306473,60.003333588441215,9,145.0,Gurobi Status: 9
F36,P36_2,8,400000,800000,5934,582908.0,588842.0,188842.0,Scheduled - Deadline Met,Yes,Yes,3600.200015306473,60.003333588441215,9,145.0,Gurobi Status: 9
F36,P36_3,8,800000,1200000,5934,977673.0,983607.0,183607.0,Scheduled - Deadline Met,Yes,Yes,3600.200015306473,60.003333588441215,9,145.0,Gurobi Status: 9
F37,P37_1,7,0,400000,10030,297637.0,307667.0,307667.0,Scheduled - Deadline Met,Yes,Yes,3600.200015306473,60.003333588441215,9,145.0,Gurobi Status: 9
F37,P37_2,8,400000,800000,10030,508899.0,518929.0,118929.0,Scheduled - Deadline Met,Yes,Yes,3600.200015306473,60.003333588441215,9,145.0,Gurobi Status: 9
F37,P37_3,8,800000,1200000,10030,870117.0,880147.0,80147.0,Scheduled - Deadline Met,Yes,Yes,3600.200015306473,60.003333588441215,9,145.0,Gurobi Status: 9
F38,P38_1,5,0,200000,8229,120308.0,128537.0,128537.0,Scheduled - Deadline Met,Yes,Yes,3600.200015306473,60.003333588441215,9,145.0,Gurobi Status: 9
F38,P38_2,8,200000,400000,8229,247280.0,255509.0,55509.0,Scheduled - Deadline Met,Yes,Yes,3600.200015306473,60.003333588441215,9,145.0,Gurobi Status: 9
F38,P38_3,8,400000,600000,8229,447280.0,455509.0,55509.0,Scheduled - Deadline Met,Yes,Yes,3600.200015306473,60.003333588441215,9,145.0,Gurobi Status: 9
F38,P38_4,5,600000,800000,8229,760713.0,768942.0,168942.0,Scheduled - Deadline Met,Yes,Yes,3600.200015306473,60.003333588441215,9,145.0,Gurobi Status: 9
F38,P38_5,8,800000,1000000,8229,,,,BE - Not Scheduled,No,N/A,3600.200015306473,60.003333588441215,9,145.0,Gurobi Status: 9
F38,P38_6,8,1000000,1200000,8229,1110809.0,1119038.0,119038.0,Scheduled - Deadline Met,Yes,Yes,3600.200015306473,60.003333588441215,9,145.0,Gurobi Status: 9
F39,P39_1,7,0,400000,1805,393241.0,395046.0,395046.0,Scheduled - Deadline Met,Yes,Yes,3600.200015306473,60.003333588441215,9,145.0,Gurobi Status: 9
F39,P39_2,8,400000,800000,1805,661046.0,662851.0,262851.0,Scheduled - Deadline Met,Yes,Yes,3600.200015306473,60.003333588441215,9,145.0,Gurobi Status: 9
F39,P39_3,8,800000,1200000,1805,1037843.0,1039648.0,239648.0,Scheduled - Deadline Met,Yes,Yes,3600.200015306473,60.003333588441215,9,145.0,Gurobi Status: 9
F4,P4_1,5,0,200000,2735,143763.0,146498.0,146498.0,Scheduled - Deadline Met,Yes,Yes,3600.200015306473,60.003333588441215,9,145.0,Gurobi Status: 9
F4,P4_2,8,200000,400000,2735,279956.0,282691.0,82691.0,Scheduled - Deadline Met,Yes,Yes,3600.200015306473,60.003333588441215,9,145.0,Gurobi Status: 9
F4,P4_3,8,400000,600000,2735,492343.0,495078.0,95078.0,Scheduled - Deadline Met,Yes,Yes,3600.200015306473,60.003333588441215,9,145.0,Gurobi Status: 9
F4,P4_4,5,600000,800000,2735,797169.0,799904.0,199904.0,Scheduled - Deadline Met,Yes,Yes,3600.200015306473,60.003333588441215,9,145.0,Gurobi Status: 9
F4,P4_5,8,800000,1000000,2735,864823.0,867558.0,67558.0,Scheduled - Deadline Met,Yes,Yes,3600.200015306473,60.003333588441215,9,145.0,Gurobi Status: 9
F4,P4_6,8,1000000,1200000,2735,1143485.0,1146220.0,146220.0,Scheduled - Deadline Met,Yes,Yes,3600.200015306473,60.003333588441215,9,145.0,Gurobi Status: 9
F40,P40_1,1,0,400000,4989,171716.0,176705.0,176705.0,Scheduled - Deadline Met,Yes,Yes,3600.200015306473,60.003333588441215,9,145.0,Gurobi Status: 9
F40,P40_2,8,400000,800000,4989,605328.0,610317.0,210317.0,Scheduled - Deadline Met,Yes,Yes,3600.200015306473,60.003333588441215,9,145.0,Gurobi Status: 9
F40,P40_3,8,800000,1200000,4989,1000093.0,1005082.0,205082.0,Scheduled - Deadline Met,Yes,Yes,3600.200015306473,60.003333588441215,9,145.0,Gurobi Status: 9
F41,P41_1,4,0,400000,1418,170202.0,171620.0,171620.0,Scheduled - Deadline Met,Yes,Yes,3600.200015306473,60.003333588441215,9,145.0,Gurobi Status: 9
F41,P41_2,8,400000,800000,1418,665698.0,667116.0,267116.0,Scheduled - Deadline Met,Yes,Yes,3600.200015306473,60.003333588441215,9,145.0,Gurobi Status: 9
F41,P41_3,8,800000,1200000,1418,1041513.0,1042931.0,242931.0,Scheduled - Deadline Met,Yes,Yes,3600.200015306473,60.003333588441215,9,145.0,Gurobi Status: 9
F42,P42_1,1,0,400000,3049,178340.0,181389.0,181389.0,Scheduled - Deadline Met,Yes,Yes,3600.200015306473,60.003333588441215,9,145.0,Gurobi Status: 9
F42,P42_2,8,400000,800000,3049,638799.0,641848.0,241848.0,Scheduled - Deadline Met,Yes,Yes,3600.200015306473,60.003333588441215,9,145.0,Gurobi Status: 9
F42,P42_3,8,800000,1200000,3049,1020041.0,1023090.0,223090.0,Scheduled - Deadline Met,Yes,Yes,3600.200015306473,60.003333588441215,9,145.0,Gurobi Status: 9
F43,P43_1,4,0,400000,4323,163163.0,167486.0,167486.0,Scheduled - Deadline Met,Yes,Yes,3600.200015306473,60.003333588441215,9,145.0,Gurobi Status: 9
F43,P43_2,8,400000,800000,4323,623936.0,628259.0,228259.0,Scheduled - Deadline Met,Yes,Yes,3600.200015306473,60.003333588441215,9,145.0,Gurobi Status: 9
F43,P43_3,8,800000,1200000,4323,1005178.0,1009501.0,209501.0,Scheduled - Deadline Met,Yes,Yes,3600.200015306473,60.003333588441215,9,145.0,Gurobi Status: 9
F44,P44_1,4,0,400000,2524,167582.0,170106.0,170106.0,Scheduled - Deadline Met,Yes,Yes,3600.200015306473,60.003333588441215,9,145.0,Gurobi Status: 9
F44,P44_2,8,400000,800000,2524,644860.0,647384.0,247384.0,Scheduled - Deadline Met,Yes,Yes,3600.200015306473,60.003333588441215,9,145.0,Gurobi Status: 9
F44,P44_3,8,800000,1200000,2524,1026102.0,1028626.0,228626.0,Scheduled - Deadline Met,Yes,Yes,3600.200015306473,60.003333588441215,9,145.0,Gurobi Status: 9
F45,P45_1,4,0,400000,8397,79166.0,87563.0,87563.0,Scheduled - Deadline Met,Yes,Yes,3600.200015306473,60.003333588441215,9,145.0,Gurobi Status: 9
F45,P45_2,8,400000,800000,8397,537013.0,545410.0,145410.0,Scheduled - Deadline Met,Yes,Yes,3600.200015306473,60.003333588441215,9,145.0,Gurobi Status: 9
F45,P45_3,8,800000,1200000,8397,931778.0,940175.0,140175.0,Scheduled - Deadline Met,Yes,Yes,3600.200015306473,60.003333588441215,9,145.0,Gurobi Status: 9
F46,P46_1,2,0,200000,3137,4438.0,7575.0,7575.0,Scheduled - Deadline Met,Yes,Yes,3600.200015306473,60.003333588441215,9,145.0,Gurobi Status: 9
F46,P46_2,8,200000,400000,3137,276723.0,279860.0,79860.0,Scheduled - Deadline Met,Yes,Yes,3600.200015306473,60.003333588441215,9,145.0,Gurobi Status: 9
F46,P46_3,8,400000,600000,3137,489110.0,492247.0,92247.0,Scheduled - Deadline Met,Yes,Yes,3600.200015306473,60.003333588441215,9,145.0,Gurobi Status: 9
F46,P46_4,2,600000,800000,3137,786562.0,789699.0,189699.0,Scheduled - Deadline Met,Yes,Yes,3600.200015306473,60.003333588441215,9,145.0,Gurobi Status: 9
F46,P46_5,8,800000,1000000,3137,861590.0,864727.0,64727.0,Scheduled - Deadline Met,Yes,Yes,3600.200015306473,60.003333588441215,9,145.0,Gurobi Status: 9
F46,P46_6,8,1000000,1200000,3137,1140252.0,1143389.0,143389.0,Scheduled - Deadline Met,Yes,Yes,3600.200015306473,60.003333588441215,9,145.0,Gurobi Status: 9
F47,P47_1,6,0,400000,5127,349226.0,354353.0,354353.0,Scheduled - Deadline Met,Yes,Yes,3600.200015306473,60.003333588441215,9,145.0,Gurobi Status: 9
F47,P47_2,8,400000,800000,5127,594896.0,600023.0,200023.0,Scheduled - Deadline Met,Yes,Yes,3600.200015306473,60.003333588441215,9,145.0,Gurobi Status: 9
F47,P47_3,8,800000,1200000,5127,989661.0,994788.0,194788.0,Scheduled - Deadline Met,Yes,Yes,3600.200015306473,60.003333588441215,9,145.0,Gurobi Status: 9
F48,P48_1,4,0,400000,5862,151803.0,157665.0,157665.0,Scheduled - Deadline Met,Yes,Yes,3600.200015306473,60.003333588441215,9,145.0,Gurobi Status: 9
F48,P48_2,8,400000,800000,5862,588938.0,594800.0,194800.0,Scheduled - Deadline Met,Yes,Yes,3600.200015306473,60.003333588441215,9,145.0,Gurobi Status: 9
F48,P48_3,8,800000,1200000,5862,983703.0,989565.0,189565.0,Scheduled - Deadline Met,Yes,Yes,3600.200015306473,60.003333588441215,9,145.0,Gurobi Status: 9
F5,P5_1,4,0,200000,8370,27869.0,36239.0,36239.0,Scheduled - Deadline Met,Yes,Yes,3600.200015306473,60.003333588441215,9,145.0,Gurobi Status: 9
F5,P5_2,8,200000,400000,8370,238814.0,247184.0,47184.0,Scheduled - Deadline Met,Yes,Yes,3600.200015306473,60.003333588441215,9,145.0,Gurobi Status: 9
F5,P5_3,8,400000,600000,8370,438814.0,447184.0,47184.0,Scheduled - Deadline Met,Yes,Yes,3600.200015306473,60.003333588441215,9,145.0,Gurobi Status: 9
F5,P5_4,4,600000,800000,8370,740323.0,748693.0,148693.0,Scheduled - Deadline Met,Yes,Yes,3600.200015306473,60.003333588441215,9,145.0,Gurobi Status: 9
F5,P5_5,8,800000,1000000,8370,838814.0,847184.0,47184.0,Scheduled - Deadline Met,Yes,Yes,3600.200015306473,60.003333588441215,9,145.0,Gurobi Status: 9
F5,P5_6,8,1000000,1200000,8370,1102343.0,1110713.0,110713.0,Scheduled - Deadline Met,Yes,Yes,3600.200015306473,60.003333588441215,9,145.0,Gurobi Status: 9
F6,P6_1,5,0,100000,8223,7671.0,15894.0,15894.0,Scheduled - Deadline Met,Yes,Yes,3600.200015306473,60.003333588441215,9,145.0,Gurobi Status: 9
F6,P6_2,8,100000,200000,8223,181485.0,189708.0,89708.0,Scheduled - Deadline Met,Yes,Yes,3600.200015306473,60.003333588441215,9,145.0,Gurobi Status: 9
F6,P6_3,8,200000,300000,8223,201317.0,209540.0,9540.0,Scheduled - Deadline Met,Yes,Yes,3600.200015306473,60.003333588441215,9,145.0,Gurobi Status: 9
F6,P6_4,5,300000,400000,8223,376882.0,385105.0,85105.0,Scheduled - Deadline Met,Yes,Yes,3600.200015306473,60.003333588441215,9,145.0,Gurobi Status: 9
F6,P6_5,8,400000,500000,8223,401317.0,409540.0,9540.0,Scheduled - Deadline Met,Yes,Yes,3600.200015306473,60.003333588441215,9,145.0,Gurobi Status: 9
F6,P6_6,8,500000,600000,8223,,,,BE - Not Scheduled,No,N/A,3600.200015306473,60.003333588441215,9,145.0,Gurobi Status: 9
F6,P6_7,5,600000,700000,8223,681400.0,689623.0,89623.0,Scheduled - Deadline Met,Yes,Yes,3600.200015306473,60.003333588441215,9,145.0,Gurobi Status: 9
F6,P6_8,8,700000,800000,8223,701413.0,709636.0,9636.0,Scheduled - Deadline Met,Yes,Yes,3600.200015306473,60.003333588441215,9,145.0,Gurobi Status: 9
F6,P6_9,8,800000,900000,8223,801317.0,809540.0,9540.0,Scheduled - Deadline Met,Yes,Yes,3600.200015306473,60.003333588441215,9,145.0,Gurobi Status: 9
F6,P6_10,5,900000,1000000,8223,909301.0,917524.0,17524.0,Scheduled - Deadline Met,Yes,Yes,3600.200015306473,60.003333588441215,9,145.0,Gurobi Status: 9
F6,P6_11,8,1000000,1100000,8223,1050096.0,1058319.0,58319.0,Scheduled - Deadline Met,Yes,Yes,3600.200015306473,60.003333588441215,9,145.0,Gurobi Status: 9
F6,P6_12,8,1100000,1200000,8223,1169098.0,1177321.0,77321.0,Scheduled - Deadline Met,Yes,Yes,3600.200015306473,60.003333588441215,9,145.0,Gurobi Status: 9
F7,P7_1,2,0,400000,9093,46653.0,55746.0,55746.0,Scheduled - Deadline Met,Yes,Yes,3600.200015306473,60.003333588441215,9,145.0,Gurobi Status: 9
F7,P7_2,8,400000,800000,9093,519025.0,528118.0,128118.0,Scheduled - Deadline Met,Yes,Yes,3600.200015306473,60.003333588441215,9,145.0,Gurobi Status: 9
F7,P7_3,8,800000,1200000,9093,880243.0,889336.0,89336.0,Scheduled - Deadline Met,Yes,Yes,3600.200015306473,60.003333588441215,9,145.0,Gurobi Status: 9
F8,P8_1,7,0,200000,2367,76703.0,79070.0,79070.0,Scheduled - Deadline Met,Yes,Yes,3600.200015306473,60.003333588441215,9,145.0,Gurobi Status: 9
F8,P8_2,8,200000,400000,2367,282787.0,285154.0,85154.0,Scheduled - Deadline Met,Yes,Yes,3600.200015306473,60.003333588441215,9,145.0,Gurobi Status: 9
F8,P8_3,8,400000,600000,2367,495174.0,497541.0,97541.0,Scheduled - Deadline Met,Yes,Yes,3600.200015306473,60.003333588441215,9,145.0,Gurobi Status: 9
F8,P8_4,7,600000,800000,2367,791112.0,793479.0,193479.0,Scheduled - Deadline Met,Yes,Yes,3600.200015306473,60.003333588441215,9,145.0,Gurobi Status: 9
F8,P8_5,8,800000,1000000,2367,867654.0,870021.0,70021.0,Scheduled - Deadline Met,Yes,Yes,3600.200015306473,60.003333588441215,9,145.0,Gurobi Status: 9
F8,P8_6,8,1000000,1200000,2367,1146316.0,1148683.0,148683.0,Scheduled - Deadline Met,Yes,Yes,3600.200015306473,60.003333588441215,9,145.0,Gurobi Status: 9
F9,P9_1,4,0,100000,6488,19162.0,25650.0,25650.0,Scheduled - Deadline Met,Yes,Yes,3600.200015306473,60.003333588441215,9,145.0,Gurobi Status: 9
F9,P9_2,8,100000,200000,6488,189804.0,196292.0,96292.0,Scheduled - Deadline Met,Yes,Yes,3600.200015306473,60.003333588441215,9,145.0,Gurobi Status: 9
F9,P9_3,8,200000,300000,6488,209636.0,216124.0,16124.0,Scheduled - Deadline Met,Yes,Yes,3600.200015306473,60.003333588441215,9,145.0,Gurobi Status: 9
F9,P9_4,4,300000,400000,6488,355181.0,361669.0,61669.0,Scheduled - Deadline Met,Yes,Yes,3600.200015306473,60.003333588441215,9,145.0,Gurobi Status: 9
F9,P9_5,8,400000,500000,6488,409636.0,416124.0,16124.0,Scheduled - Deadline Met,Yes,Yes,3600.200015306473,60.003333588441215,9,145.0,Gurobi Status: 9
F9,P9_6,8,500000,600000,6488,,,,BE - Not Scheduled,No,N/A,3600.200015306473,60.003333588441215,9,145.0,Gurobi Status: 9
F9,P9_7,4,600000,700000,6488,692195.0,698683.0,98683.0,Scheduled - Deadline Met,Yes,Yes,3600.200015306473,60.003333588441215,9,145.0,Gurobi Status: 9
F9,P9_8,8,700000,800000,6488,709732.0,716220.0,16220.0,Scheduled - Deadline Met,Yes,Yes,3600.200015306473,60.003333588441215,9,145.0,Gurobi Status: 9
F9,P9_9,8,800000,900000,6488,809636.0,816124.0,16124.0,Scheduled - Deadline Met,Yes,Yes,3600.200015306473,60.003333588441215,9,145.0,Gurobi Status: 9
F9,P9_10,4,900000,1000000,6488,925194.0,931682.0,31682.0,Scheduled - Deadline Met,Yes,Yes,3600.200015306473,60.003333588441215,9,145.0,Gurobi Status: 9
F9,P9_11,8,1000000,1100000,6488,1058415.0,1064903.0,64903.0,Scheduled - Deadline Met,Yes,Yes,3600.200015306473,60.003333588441215,9,145.0,Gurobi Status: 9
F9,P9_12,8,1100000,1200000,6488,1177417.0,1183905.0,83905.0,Scheduled - Deadline Met,Yes,Yes,3600.200015306473,60.003333588441215,9,145.0,Gurobi Status: 9
