Packet_ID,Flow,Queue,Arrival,Deadline,Execution_Time,Scheduled,Gate_Open,Gate_Close,Response_Time
P4_1,F4,7,0,50000,4458,True,0.0,4458.0,4458.0
P28_1,F28,7,0,100000,6723,True,4554.0,11277.0,11277.0
P23_1,F23,1,0,100000,1505,True,11373.0,12878.0,12878.0
P25_1,F25,7,0,200000,6982,True,12974.0,19956.0,19956.0
P11_1,F11,4,0,200000,6563,True,20052.0,26615.0,26615.0
P33_1,F33,7,0,200000,6472,True,26711.0,33183.0,33183.0
P41_1,F41,4,0,200000,6451,True,33279.0,39730.0,39730.0
P30_1,F30,1,0,200000,5295,True,39826.0,45121.0,45121.0
P10_1,F10,7,0,200000,3812,True,45217.0,49029.0,49029.0
P12_1,F12,3,0,200000,3809,True,49125.0,52934.0,52934.0
P26_1,F26,7,0,200000,1685,True,53030.0,54715.0,54715.0
P14_1,F14,7,0,200000,817,True,54811.0,55628.0,55628.0
P21_1,F21,7,0,400000,11933,True,55724.0,67657.0,67657.0
P9_1,F9,7,0,400000,10087,True,67753.0,77840.0,77840.0
P39_1,F39,7,0,400000,7441,True,77936.0,85377.0,85377.0
P46_1,F46,7,0,400000,3823,True,85473.0,89296.0,89296.0
P42_1,F42,7,0,400000,784,True,89392.0,90176.0,90176.0
P4_2,F4,7,50000,100000,4458,True,90272.0,94730.0,44730.0
P43_1,F43,4,0,200000,1519,True,94826.0,96345.0,96345.0
P44_1,F44,4,0,200000,1013,True,96441.0,97454.0,97454.0
P20_1,F20,6,0,200000,682,True,97550.0,98232.0,98232.0
P16_1,F16,4,0,400000,11813,True,98328.0,110141.0,110141.0
P28_2,F28,7,100000,200000,6723,True,110237.0,116960.0,16960.0
P40_1,F40,1,0,400000,9125,True,117056.0,126181.0,126181.0
P17_1,F17,1,0,400000,5036,True,126277.0,131313.0,131313.0
P48_1,F48,1,0,400000,2557,True,131409.0,133966.0,133966.0
P7_1,F7,1,0,400000,1088,True,134062.0,135150.0,135150.0
P47_1,F47,1,0,400000,888,True,135246.0,136134.0,136134.0
P13_1,F13,1,0,400000,600,True,136230.0,136830.0,136830.0
P23_2,F23,1,100000,200000,1505,True,136926.0,138431.0,38431.0
P45_1,F45,4,0,400000,9506,True,138527.0,148033.0,148033.0
P6_1,F6,6,0,400000,9377,True,148129.0,157506.0,157506.0
P4_4,F4,7,150000,200000,4458,True,157602.0,162060.0,12060.0
P36_1,F36,4,0,400000,7545,True,162156.0,169701.0,169701.0
P18_1,F18,3,0,400000,6807,True,169797.0,176604.0,176604.0
P32_1,F32,6,0,400000,6515,True,176700.0,183215.0,183215.0
P5_1,F5,4,0,400000,5607,True,183311.0,188918.0,188918.0
P19_1,F19,3,0,400000,5265,True,189014.0,194279.0,194279.0
P38_1,F38,6,0,400000,3899,True,194375.0,198274.0,198274.0
P22_1,F22,4,0,400000,3763,True,198370.0,202133.0,202133.0
P4_5,F4,7,200000,250000,4458,True,202229.0,206687.0,6687.0
P25_2,F25,7,200000,400000,6982,True,206783.0,213765.0,13765.0
P1_1,F1,4,0,400000,743,True,213861.0,214604.0,214604.0
P11_2,F11,4,200000,400000,6563,True,214700.0,221263.0,21263.0
P33_2,F33,7,200000,400000,6472,True,221359.0,227831.0,27831.0
P41_2,F41,4,200000,400000,6451,True,227927.0,234378.0,34378.0
P30_2,F30,1,200000,400000,5295,True,234474.0,239769.0,39769.0
P10_2,F10,7,200000,400000,3812,True,239865.0,243677.0,43677.0
P24_1,F24,3,0,400000,2171,True,243773.0,245944.0,245944.0
P35_1,F35,3,0,400000,1232,True,246040.0,247272.0,247272.0
P8_1,F8,3,0,400000,1071,True,247368.0,248439.0,248439.0
P2_1,F2,3,0,400000,600,True,248535.0,249135.0,249135.0
P12_2,F12,3,200000,400000,3809,True,249231.0,253040.0,53040.0
P31_1,F31,2,0,400000,3591,True,253136.0,256727.0,256727.0
P15_1,F15,6,0,400000,3337,True,256823.0,260160.0,260160.0
P3_1,F3,2,0,400000,2337,True,260256.0,262593.0,262593.0
P26_2,F26,7,200000,400000,1685,True,262689.0,264374.0,64374.0
P43_2,F43,4,200000,400000,1519,True,264470.0,265989.0,65989.0
P27_1,F27,2,0,400000,1147,True,266085.0,267232.0,267232.0
P37_1,F37,2,0,400000,1063,True,267328.0,268391.0,268391.0
P44_2,F44,4,200000,400000,1013,True,268487.0,269500.0,69500.0
P34_1,F34,6,0,400000,965,True,269596.0,270561.0,270561.0
P14_2,F14,7,200000,400000,817,True,270657.0,271474.0,71474.0
P29_1,F29,6,0,400000,600,True,271570.0,272170.0,272170.0
P20_2,F20,6,200000,400000,682,True,272266.0,272948.0,72948.0
P28_3,F28,8,200000,300000,6723,True,273044.0,279767.0,79767.0
P23_3,F23,8,200000,300000,1505,True,279863.0,281368.0,81368.0
P4_6,F4,8,250000,300000,4458,True,281464.0,285922.0,35922.0
P4_7,F4,7,300000,350000,4458,True,300000.0,304458.0,4458.0
P28_4,F28,7,300000,400000,6723,True,304554.0,311277.0,11277.0
P23_4,F23,1,300000,400000,1505,True,311373.0,312878.0,12878.0
P4_8,F4,7,350000,400000,4458,True,350000.0,354458.0,4458.0
P28_5,F28,7,400000,500000,6723,True,400000.0,406723.0,6723.0
P23_5,F23,1,400000,500000,1505,True,406819.0,408324.0,8324.0
P21_2,F21,7,400000,800000,11933,True,408420.0,420353.0,20353.0
P16_2,F16,4,400000,800000,11813,True,420449.0,432262.0,32262.0
P9_2,F9,7,400000,800000,10087,True,432358.0,442445.0,42445.0
P45_2,F45,4,400000,800000,9506,True,442541.0,452047.0,52047.0
P39_2,F39,7,400000,800000,7441,True,452143.0,459584.0,59584.0
P46_2,F46,7,400000,800000,3823,True,459680.0,463503.0,63503.0
P42_2,F42,7,400000,800000,784,True,463599.0,464383.0,64383.0
P4_10,F4,7,450000,500000,4458,True,464479.0,468937.0,18937.0
P6_2,F6,6,400000,800000,9377,True,469033.0,478410.0,78410.0
P40_2,F40,1,400000,800000,9125,True,478506.0,487631.0,87631.0
P36_2,F36,4,400000,800000,7545,True,487727.0,495272.0,95272.0
P18_2,F18,3,400000,800000,6807,True,495368.0,502175.0,102175.0
P4_11,F4,7,500000,550000,4458,True,502271.0,506729.0,6729.0
P32_2,F32,6,400000,800000,6515,True,506825.0,513340.0,113340.0
P5_2,F5,4,400000,800000,5607,True,513436.0,519043.0,119043.0
P19_2,F19,3,400000,800000,5265,True,519139.0,524404.0,124404.0
P17_2,F17,1,400000,800000,5036,True,524500.0,529536.0,129536.0
P38_2,F38,6,400000,800000,3899,True,529632.0,533531.0,133531.0
P22_2,F22,4,400000,800000,3763,True,533627.0,537390.0,137390.0
P31_2,F31,2,400000,800000,3591,True,537486.0,541077.0,141077.0
P15_2,F15,6,400000,800000,3337,True,541173.0,544510.0,144510.0
P48_2,F48,1,400000,800000,2557,True,544606.0,547163.0,147163.0
P3_2,F3,2,400000,800000,2337,True,547259.0,549596.0,149596.0
P24_2,F24,3,400000,800000,2171,True,549692.0,551863.0,151863.0
P35_2,F35,3,400000,800000,1232,True,551959.0,553191.0,153191.0
P27_2,F27,2,400000,800000,1147,True,553287.0,554434.0,154434.0
P7_2,F7,1,400000,800000,1088,True,554530.0,555618.0,155618.0
P8_2,F8,3,400000,800000,1071,True,555714.0,556785.0,156785.0
P37_2,F37,2,400000,800000,1063,True,556881.0,557944.0,157944.0
P34_2,F34,6,400000,800000,965,True,558040.0,559005.0,159005.0
P47_2,F47,1,400000,800000,888,True,559101.0,559989.0,159989.0
P1_2,F1,4,400000,800000,743,True,560085.0,560828.0,160828.0
P2_2,F2,3,400000,800000,600,True,560924.0,561524.0,161524.0
P13_2,F13,1,400000,800000,600,True,561620.0,562220.0,162220.0
P29_2,F29,6,400000,800000,600,True,562316.0,562916.0,162916.0
P25_3,F25,8,400000,600000,6982,True,563012.0,569994.0,169994.0
P11_3,F11,8,400000,600000,6563,True,570090.0,576653.0,176653.0
P33_3,F33,8,400000,600000,6472,True,576749.0,583221.0,183221.0
P10_3,F10,8,400000,600000,3812,True,583317.0,587129.0,187129.0
P20_3,F20,8,400000,600000,682,True,587225.0,587907.0,187907.0
P4_13,F4,7,600000,650000,4458,True,600000.0,604458.0,4458.0
P28_7,F28,7,600000,700000,6723,True,604554.0,611277.0,11277.0
P23_7,F23,1,600000,700000,1505,True,611373.0,612878.0,12878.0
P25_4,F25,7,600000,800000,6982,True,612974.0,619956.0,19956.0
P11_4,F11,4,600000,800000,6563,True,620052.0,626615.0,26615.0
P33_4,F33,7,600000,800000,6472,True,626711.0,633183.0,33183.0
P41_4,F41,4,600000,800000,6451,True,633279.0,639730.0,39730.0
P30_4,F30,1,600000,800000,5295,True,639826.0,645121.0,45121.0
P10_4,F10,7,600000,800000,3812,True,645217.0,649029.0,49029.0
P12_4,F12,3,600000,800000,3809,True,649125.0,652934.0,52934.0
P26_4,F26,7,600000,800000,1685,True,653030.0,654715.0,54715.0
P14_4,F14,7,600000,800000,817,True,654811.0,655628.0,55628.0
P4_14,F4,7,650000,700000,4458,True,655724.0,660182.0,10182.0
P43_4,F43,4,600000,800000,1519,True,660278.0,661797.0,61797.0
P44_4,F44,4,600000,800000,1013,True,661893.0,662906.0,62906.0
P20_4,F20,6,600000,800000,682,True,663002.0,663684.0,63684.0
P28_8,F28,7,700000,800000,6723,True,700000.0,706723.0,6723.0
P23_8,F23,1,700000,800000,1505,True,706819.0,708324.0,8324.0
P4_15,F4,8,700000,750000,4458,True,708420.0,712878.0,12878.0
P4_16,F4,7,750000,800000,4458,True,750000.0,754458.0,4458.0
P4_17,F4,7,800000,850000,4458,True,800000.0,804458.0,4458.0
P25_5,F25,7,800000,1000000,6982,True,804554.0,811536.0,11536.0
P11_5,F11,4,800000,1000000,6563,True,811632.0,818195.0,18195.0
P33_5,F33,7,800000,1000000,6472,True,818291.0,824763.0,24763.0
P41_5,F41,4,800000,1000000,6451,True,824859.0,831310.0,31310.0
P30_5,F30,1,800000,1000000,5295,True,831406.0,836701.0,36701.0
P10_5,F10,7,800000,1000000,3812,True,836797.0,840609.0,40609.0
P12_5,F12,3,800000,1000000,3809,True,840705.0,844514.0,44514.0
P26_5,F26,7,800000,1000000,1685,True,844610.0,846295.0,46295.0
P43_5,F43,4,800000,1000000,1519,True,846391.0,847910.0,47910.0
P44_5,F44,4,800000,1000000,1013,True,848006.0,849019.0,49019.0
P14_5,F14,7,800000,1000000,817,True,849115.0,849932.0,49932.0
P20_5,F20,6,800000,1000000,682,True,850028.0,850710.0,50710.0
P28_9,F28,8,800000,900000,6723,True,850806.0,857529.0,57529.0
P23_9,F23,8,800000,900000,1505,True,857625.0,859130.0,59130.0
P21_3,F21,8,800000,1200000,11933,True,859226.0,871159.0,71159.0
P16_3,F16,8,800000,1200000,11813,True,871255.0,883068.0,83068.0
P38_3,F38,8,800000,1200000,3899,True,883164.0,887063.0,87063.0
P42_3,F42,8,800000,1200000,784,True,887159.0,887943.0,87943.0
P4_19,F4,7,900000,950000,4458,True,900000.0,904458.0,4458.0
P28_10,F28,7,900000,1000000,6723,True,904554.0,911277.0,11277.0
P23_10,F23,1,900000,1000000,1505,True,911373.0,912878.0,12878.0
P9_3,F9,8,800000,1200000,10087,True,912974.0,923061.0,123061.0
P45_3,F45,8,800000,1200000,9506,True,923157.0,932663.0,132663.0
P17_3,F17,8,800000,1200000,5036,True,932759.0,937795.0,137795.0
P4_20,F4,7,950000,1000000,4458,True,950000.0,954458.0,4458.0
P6_3,F6,8,800000,1200000,9377,True,954554.0,963931.0,163931.0
P40_3,F40,8,800000,1200000,9125,True,964027.0,973152.0,173152.0
P36_3,F36,8,800000,1200000,7545,True,973248.0,980793.0,180793.0
P18_3,F18,8,800000,1200000,6807,True,980889.0,987696.0,187696.0
P28_11,F28,7,1000000,1100000,6723,True,1000000.0,1006723.0,6723.0
P23_11,F23,1,1000000,1100000,1505,True,1006819.0,1008324.0,8324.0
P39_3,F39,8,800000,1200000,7441,True,1008420.0,1015861.0,215861.0
P32_3,F32,8,800000,1200000,6515,True,1015957.0,1022472.0,222472.0
P5_3,F5,8,800000,1200000,5607,True,1022568.0,1028175.0,228175.0
P19_3,F19,8,800000,1200000,5265,True,1028271.0,1033536.0,233536.0
P46_3,F46,8,800000,1200000,3823,True,1033632.0,1037455.0,237455.0
P4_22,F4,7,1050000,1100000,4458,True,1050000.0,1054458.0,4458.0
P22_3,F22,8,800000,1200000,3763,True,1054554.0,1058317.0,258317.0
P31_3,F31,8,800000,1200000,3591,True,1058413.0,1062004.0,262004.0
P15_3,F15,8,800000,1200000,3337,True,1062100.0,1065437.0,265437.0
P48_3,F48,8,800000,1200000,2557,True,1065533.0,1068090.0,268090.0
P3_3,F3,8,800000,1200000,2337,True,1068186.0,1070523.0,270523.0
P24_3,F24,8,800000,1200000,2171,True,1070619.0,1072790.0,272790.0
P35_3,F35,8,800000,1200000,1232,True,1072886.0,1074118.0,274118.0
P27_3,F27,8,800000,1200000,1147,True,1074214.0,1075361.0,275361.0
P7_3,F7,8,800000,1200000,1088,True,1075457.0,1076545.0,276545.0
P8_3,F8,8,800000,1200000,1071,True,1076641.0,1077712.0,277712.0
P37_3,F37,8,800000,1200000,1063,True,1077808.0,1078871.0,278871.0
P34_3,F34,8,800000,1200000,965,True,1078967.0,1079932.0,279932.0
P47_3,F47,8,800000,1200000,888,True,1080028.0,1080916.0,280916.0
P1_3,F1,8,800000,1200000,743,True,1081012.0,1081755.0,281755.0
P2_3,F2,8,800000,1200000,600,True,1081851.0,1082451.0,282451.0
P13_3,F13,8,800000,1200000,600,True,1082547.0,1083147.0,283147.0
P29_3,F29,8,800000,1200000,600,True,1083243.0,1083843.0,283843.0
P10_6,F10,8,1000000,1200000,3812,True,1083939.0,1087751.0,87751.0
P4_23,F4,7,1100000,1150000,4458,True,1100000.0,1104458.0,4458.0
P25_6,F25,8,1000000,1200000,6982,True,1104554.0,1111536.0,111536.0
P11_6,F11,8,1000000,1200000,6563,True,1111632.0,1118195.0,118195.0
P33_6,F33,8,1000000,1200000,6472,True,1118291.0,1124763.0,124763.0
P41_6,F41,8,1000000,1200000,6451,True,1124859.0,1131310.0,131310.0
P30_6,F30,8,1000000,1200000,5295,True,1131406.0,1136701.0,136701.0
P12_6,F12,8,1000000,1200000,3809,True,1136797.0,1140606.0,140606.0
P26_6,F26,8,1000000,1200000,1685,True,1140702.0,1142387.0,142387.0
P43_6,F43,8,1000000,1200000,1519,True,1142483.0,1144002.0,144002.0
P44_6,F44,8,1000000,1200000,1013,True,1144098.0,1145111.0,145111.0
P14_6,F14,8,1000000,1200000,817,True,1145207.0,1146024.0,146024.0
P20_6,F20,8,1000000,1200000,682,True,1146120.0,1146802.0,146802.0
P28_12,F28,8,1100000,1200000,6723,True,1146898.0,1153621.0,53621.0
P23_12,F23,8,1100000,1200000,1505,True,1153717.0,1155222.0,55222.0
P4_24,F4,8,1150000,1200000,4458,True,1155318.0,1159776.0,9776.0
P4_3,F4,8,100000,150000,4458,False,,,
P4_9,F4,8,400000,450000,4458,False,,,
P14_3,F14,8,400000,600000,817,False,,,
P12_3,F12,8,400000,600000,3809,False,,,
P43_3,F43,8,400000,600000,1519,False,,,
P41_3,F41,8,400000,600000,6451,False,,,
P30_3,F30,8,400000,600000,5295,False,,,
P26_3,F26,8,400000,600000,1685,False,,,
P44_3,F44,8,400000,600000,1013,False,,,
P28_6,F28,8,500000,600000,6723,False,,,
P23_6,F23,8,500000,600000,1505,False,,,
P4_12,F4,8,550000,600000,4458,False,,,
P4_18,F4,8,850000,900000,4458,False,,,
P4_21,F4,8,1000000,1050000,4458,False,,,
